
1569.65780734 0.833156908345
1094.31788929 0.824742097434
763.008478108 0.863417888878
532.143666189 0.923548973887
532.143666189 0.965136103802
371.041423486 0.770788835048
258.72902442 0.807747653925
180.363870162 0.844617223587
125.726466437 0.803547012382
87.6663068818 0.681261684793
61.0979764884 0.657033107608
42.6597168863 0.536536794826
29.7142392302 0.487729654093
20.7419628047 0.418637499414
14.4313073537 0.459183793658
10.0962638143 0.385639577108
7.01118530058 0.189171056169
4.88447871542 0.134285039364
3.42219623963 0.119366611154
2.39114188634 0.0557756893202
1.65144515784 0.0121329318998
1.15193009204 0.0731068875941
0.804137625575 0.0575168374575
0.560204105539 0.0554969182762