
197.608210149 1.344782934
159.752571931 1.32667151471
129.14988032 1.28941240895
104.436502303 1.27151101455
84.4019665459 1.28876339539
68.2290813799 1.26420286207
55.1797063262 1.22329276966
44.611550473 1.15248781925
36.0631525032 1.12102668687
29.1491378697 1.10119197915
23.5740527529 1.08674873479
19.0473840325 1.03234996448
15.3922546729 1.0311705637
12.4436453165 0.988898745943
10.0602519628 0.933449422478
8.14286536929 0.884450687742
6.58160438302 0.845964864113
5.31263516873 0.76358186597
4.30315148293 0.712425763646
3.47439857838 0.688668327564
2.80918282144 0.654380426568
2.27469796861 0.56438704214
1.83705082252 0.484228859563
1.48250623905 0.423282034944
1.19861365592 0.352059135104
0.969424495692 0.330525258764
0.782122584332 0.288580573701
0.634701997913 0.233110023401
0.51338806672 0.177853145229
0.414564198849 0.168784453155
0.334920125752 0.142006767496
0.271530953429 0.106679594163
0.219485626754 0.0857307459432
0.177124070753 0.0800121431241
0.143112296609 0.0717580018819
0.116066908511 0.045982989168
0.093422695371 0.0438535191711
0.0759227383667 0.0351856442729
0.0615117065794 0.0301242695022
0.0497113403148 0.0179496144113