
0.496369381827 0.191029825755
0.37362977821 0.13896025264
0.281295839796 0.103267822245
0.211777319713 0.0698203616439
0.211777319713 0.0694215767367
0.159335614047 0.0571018604202
0.120014263177 0.0453666272176
0.0902862099408 0.0354235565038
0.0679498359681 0.0257051510807
0.0511956939172 0.0194754969815
0.0385171520512 0.0151516190467
0.0289908709858 0.011468237632
0.0218416924156 0.00839565509826
0.0164354410376 0.00650667066491
0.0123764708901 0.00489911122149
0.00929941757153 0.00376345105619
0.00701415259579 0.0028389743868
0.00526725405128 0.00204094209673
0.00397308965642 0.00157575488294
0.00298347833262 0.0011859028268
0.00225269988778 0.000866346595169
0.00169613969933 0.000672987104829
0.00127165179214 0.000495741974192
0.00096188632133 0.000384251403071
0.000722041470015 0.000298509570359
0.000545390760421 0.000213862221417
0.000408652140334 0.000162350231391
0.000308946379418 0.000125511282744
0.000230819953464 8.97852381812e-05
0.000173808710683 6.89089100021e-05
0.000130545792765 5.07835980074e-05
9.83828042179e-05 3.95725223574e-05
7.50486280075e-05 4.12867289853e-05