
0.394280214838 0.158251466924
0.296291782608 0.120491524793
0.222613156603 0.0918938132852
0.167213217825 0.0640959558625
0.167213217825 0.0684699868009
0.125610523489 0.0515578517615
0.0943666062746 0.0399184044393
0.0708789565128 0.02937210983
0.0532489251043 0.0224014253115
0.0399918985787 0.016682412609
0.0300491286846 0.0126861500029
0.0225886009671 0.00952538317975
0.0169681658814 0.00722077226517
0.0127501286195 0.00544080268214
0.00956658895108 0.00415910016287
0.00719554491486 0.00311075406177
0.00540572803802 0.0023307115218
0.00405459176825 0.00172853974597
0.00304395051349 0.00130594769228
0.0022941517051 0.000983248423051
0.00172374862002 0.000748192520681
0.00129043076014 0.000559499225927
0.000974837030826 0.000416003579011
0.000727381736475 0.000315898182592
0.00054703964601 0.000235412191703
0.000410269876516 0.000177084794264
0.0003086931355 0.000132458965835
0.000231643076514 0.000101226285041
0.000174379977406 7.66816984189e-05
0.000130297012491 5.66192821354e-05
9.91871639568e-05 4.35694498151e-05
0.394280214838 0.0336157056969
0.394280214838 0.0348217688114