
0.0990387121865 0.0135380745757
0.0731127366741 0.00916802649342
0.0539715914295 0.00752833478274
0.0398462681523 0.00557826492776
0.0398462681523 0.00672171976371
0.029398124783 0.00376714635575
0.0217094758846 0.00335289565889
0.0160250757522 0.0029951273938
0.0118273953617 0.00261795073635
0.0087311355928 0.00154907311242
0.00644162680973 0.00141828381238
0.00475928604916 0.00106577924027
0.00350800486999 0.000956334824789
0.00259358803741 0.000814615327581
0.00191391642722 0.000468371572361
0.00141213613326 0.000405052092152
0.00104367527784 0.000378780151402
0.000770796337869 0.000314405837409
0.000568192391697 0.000159010144565
0.000419094508454 0.00010708840909
0.000310150934563 4.81431531564e-05
0.000227628579269 7.17932372744e-05
0.000167857691312 4.1177373957e-05
0.000124573445661 3.01895357752e-05
9.19814982218e-05 2.67895471319e-05
6.79721134493e-05 2.70191256388e-05
4.99403127157e-05 0.000224257796503
3.66925601855e-05 0.0644095440995
3.66925601855e-05 0.0644095440995
3.66925601855e-05 0.0644095440995
3.66925601855e-05 0.0644095440995