STELAR Export File

_BRLX______	_T1________	_R1________	____%err___	+-err(R1)__	Zone	File

 1.9998e+01	 6.1992e-01	 1.6131e+00	 4.2416e-01	 6.8421e-03	 1	 4tbp_250K.sdf
 1.5652e+01	 6.0960e-01	 1.6404e+00	 2.8255e-01	 4.6351e-03	 2	 4tbp_250K.sdf
 1.2247e+01	 5.9970e-01	 1.6675e+00	 2.5884e-01	 4.3162e-03	 3	 4tbp_250K.sdf
 9.5823e+00	 5.8268e-01	 1.7162e+00	 1.6928e+00	 2.9052e-02	 4	 4tbp_250K.sdf
 9.5823e+00	 6.0674e-01	 1.6482e+00	 1.5583e+00	 2.5683e-02	 5	 4tbp_250K.sdf
 7.4993e+00	 6.0336e-01	 1.6574e+00	 7.6434e-01	 1.2668e-02	 6	 4tbp_250K.sdf
 5.8703e+00	 5.8912e-01	 1.6974e+00	 8.5682e-01	 1.4544e-02	 7	 4tbp_250K.sdf
 4.5930e+00	 5.9238e-01	 1.6881e+00	 8.0016e-01	 1.3508e-02	 8	 4tbp_250K.sdf
 3.5950e+00	 5.8917e-01	 1.6973e+00	 7.0382e-01	 1.1946e-02	 9	 4tbp_250K.sdf
 2.8119e+00	 5.8174e-01	 1.7190e+00	 6.1177e-01	 1.0516e-02	 10	 4tbp_250K.sdf
 2.2023e+00	 5.7993e-01	 1.7244e+00	 6.2216e-01	 1.0728e-02	 11	 4tbp_250K.sdf
 1.7231e+00	 5.7847e-01	 1.7287e+00	 4.2838e-01	 7.4053e-03	 12	 4tbp_250K.sdf
 1.3484e+00	 5.7957e-01	 1.7254e+00	 4.1407e-01	 7.1445e-03	 13	 4tbp_250K.sdf
 1.0554e+00	 5.8312e-01	 1.7149e+00	 4.6356e-01	 7.9497e-03	 14	 4tbp_250K.sdf
 8.2551e-01	 5.7640e-01	 1.7349e+00	 4.0785e-01	 7.0758e-03	 15	 4tbp_250K.sdf
 6.4541e-01	 5.7476e-01	 1.7399e+00	 4.2455e-01	 7.3865e-03	 16	 4tbp_250K.sdf
 5.0541e-01	 5.7500e-01	 1.7391e+00	 2.8227e-01	 4.9090e-03	 17	 4tbp_250K.sdf
 3.9543e-01	 5.7138e-01	 1.7501e+00	 4.6359e-01	 8.1134e-03	 18	 4tbp_250K.sdf
 3.0947e-01	 5.7417e-01	 1.7416e+00	 4.4247e-01	 7.7062e-03	 19	 4tbp_250K.sdf
 2.4260e-01	 5.6907e-01	 1.7572e+00	 3.8190e-01	 6.7109e-03	 20	 4tbp_250K.sdf
 1.8936e-01	 5.6698e-01	 1.7637e+00	 4.7058e-01	 8.2999e-03	 21	 4tbp_250K.sdf
 1.4819e-01	 5.6949e-01	 1.7560e+00	 5.1164e-01	 8.9843e-03	 22	 4tbp_250K.sdf
 1.1636e-01	 5.6782e-01	 1.7611e+00	 4.3166e-01	 7.6020e-03	 23	 4tbp_250K.sdf
 9.0760e-02	 5.6998e-01	 1.7545e+00	 4.6147e-01	 8.0963e-03	 24	 4tbp_250K.sdf
 7.1285e-02	 5.7035e-01	 1.7533e+00	 2.7427e-01	 4.8088e-03	 25	 4tbp_250K.sdf
 5.5651e-02	 5.6546e-01	 1.7685e+00	 3.7277e-01	 6.5923e-03	 26	 4tbp_250K.sdf
 4.3600e-02	 5.6822e-01	 1.7599e+00	 3.5285e-01	 6.2097e-03	 27	 4tbp_250K.sdf
 3.4187e-02	 5.6273e-01	 1.7771e+00	 4.1733e-01	 7.4163e-03	 28	 4tbp_250K.sdf
 2.6694e-02	 5.6520e-01	 1.7693e+00	 5.9956e-01	 1.0608e-02	 29	 4tbp_250K.sdf
 2.0809e-02	 5.6788e-01	 1.7609e+00	 5.3285e-01	 9.3833e-03	 30	 4tbp_250K.sdf
 1.6261e-02	 5.6721e-01	 1.7630e+00	 2.8600e-01	 5.0422e-03	 31	 4tbp_250K.sdf
 1.2806e-02	 5.7030e-01	 1.7535e+00	 4.5974e-01	 8.0614e-03	 32	 4tbp_250K.sdf
 9.9244e-03	 5.6556e-01	 1.7682e+00	 3.1660e-01	 5.5980e-03	 33	 4tbp_250K.sdf
