# sample	expno	ns	int		R
# otp	25	8192	-0.134045	-0.332546
833333.408122	-0.077482	-0.002093
826822.991619	-0.043536	-0.019587
820312.575115	0.008738	-0.070215
813802.158611	-0.041866	-0.019682
807291.742107	-0.094906	-0.023504
800781.325603	-0.041388	-0.082427
794270.909099	0.002289	-0.049520
787760.492595	-0.052700	-0.032264
781250.076091	0.015181	-0.021314
774739.659587	0.002276	-0.007085
768229.243083	0.023989	-0.085104
761718.826579	-0.112850	-0.041339
755208.410076	0.090819	-0.104761
748697.993572	-0.100961	-0.009800
742187.577068	-0.144786	-0.001948
735677.160564	-0.016901	0.016505
729166.744060	-0.056985	0.061048
722656.327556	0.001397	-0.007030
716145.911052	0.063732	-0.080235
709635.494548	-0.037464	-0.037643
703125.078044	-0.043736	-0.035415
696614.661540	-0.036849	0.002983
690104.245037	-0.043892	-0.003287
683593.828533	-0.024304	0.026120
677083.412029	0.025436	-0.006971
670572.995525	0.038476	0.097242
664062.579021	-0.037685	-0.044816
657552.162517	-0.004671	-0.043595
651041.746013	-0.014928	-0.059659
644531.329509	-0.048098	-0.094881
638020.913005	-0.034893	0.012254
631510.496501	-0.012069	-0.068965
625000.079997	0.062730	0.023993
618489.663494	-0.029218	-0.042301
611979.246990	-0.073654	-0.085102
605468.830486	-0.038552	-0.016335
598958.413982	0.044277	-0.050637
592447.997478	-0.152522	-0.052748
585937.580974	0.002658	0.002495
579427.164470	-0.078276	-0.066048
572916.747966	0.022822	0.032221
566406.331462	-0.084827	-0.020217
559895.914958	-0.079375	-0.087296
553385.498454	-0.051175	-0.047118
546875.081951	0.004115	0.068006
540364.665447	-0.021180	0.063915
533854.248943	-0.013450	-0.084585
527343.832439	0.096410	0.007041
520833.415935	0.034132	-0.026208
514322.999431	0.036617	0.026927
507812.582927	0.044482	-0.070089
501302.166423	0.057346	0.001183
494791.749919	0.001247	-0.005271
488281.333415	0.000746	-0.061603
481770.916912	-0.006735	0.021336
475260.500408	0.004968	-0.019270
468750.083904	-0.114253	-0.066325
462239.667400	-0.011356	-0.004264
455729.250896	-0.030708	-0.044883
449218.834392	-0.076698	-0.126406
442708.417888	-0.103395	-0.003020
436198.001384	-0.392421	0.052716
429687.584880	-0.123237	0.055859
423177.168376	-0.047803	0.026358
416666.751872	-0.069370	0.036381
410156.335369	-0.021929	-0.016284
403645.918865	-0.036998	-0.009784
397135.502361	-0.002812	0.002613
390625.085857	-0.018029	0.015871
384114.669353	-0.018284	-0.047190
377604.252849	0.072305	-0.028293
371093.836345	0.022587	0.094284
364583.419841	0.048470	0.101046
358073.003337	0.002315	-0.046828
351562.586833	-0.016051	-0.057477
345052.170329	-0.024090	-0.043283
338541.753826	-0.066401	0.112992
332031.337322	0.013944	0.110223
325520.920818	-0.019757	0.014875
319010.504314	-0.031642	-0.007815
312500.087810	-0.018457	-0.076240
305989.671306	0.073875	-0.037181
299479.254802	-0.033538	-0.045033
292968.838298	0.064741	-0.064569
286458.421794	0.034172	-0.010467
279948.005290	-0.023144	-0.293645
273437.588787	0.066110	-0.181887
266927.172283	0.078595	-0.805454
260416.755779	-0.071722	0.453540
253906.339275	-0.028169	0.121326
247395.922771	-0.049206	0.106877
240885.506267	-0.010157	0.038811
234375.089763	-0.045209	-0.000226
227864.673259	-0.085610	0.072763
221354.256755	-0.049304	0.074002
214843.840251	0.081545	0.109453
208333.423747	0.080096	-0.040268
201823.007244	-0.003848	0.054652
195312.590740	0.009459	-0.016759
188802.174236	0.017154	-0.007640
182291.757732	0.006922	0.047093
175781.341228	0.032865	0.109148
169270.924724	0.052462	0.069219
162760.508220	0.000635	-0.007428
156250.091716	0.036897	-0.004144
149739.675212	0.096158	0.027658
143229.258708	0.130523	-0.164820
136718.842205	-0.060569	-0.059185
130208.425701	0.025681	-0.081440
123698.009197	-0.037346	-0.102291
117187.592693	-0.132224	-0.019784
110677.176189	-0.075211	0.022929
104166.759685	-0.033329	0.025445
97656.343181	0.026818	0.069714
91145.926677	0.154109	-0.031463
84635.510173	-0.032628	0.108822
78125.093669	-0.022550	-0.035063
71614.677165	0.038150	0.184841
65104.260662	0.226702	-0.014163
58593.844158	0.134156	-0.107029
52083.427654	0.051725	-0.139388
45573.011150	0.083001	-0.106157
39062.594646	-0.082027	-0.152330
32552.178142	0.041344	-0.054494
26041.761638	-0.053859	-0.012338
19531.345134	-0.073615	-0.104413
13020.928630	-0.168111	-0.181828
6510.512126	-0.329287	-0.209606
0.095622	-0.726598	0.430573
-6510.320881	0.058249	0.350963
-13020.737385	0.070681	0.256035
-19531.153889	0.046853	0.210280
-26041.570393	0.174514	0.242242
-32551.986897	0.184970	0.320446
-39062.403401	0.304942	0.204381
-45572.819905	0.463994	0.256092
-52083.236409	0.588725	0.140270
-58593.652913	0.721266	0.089692
-65104.069417	1.773298	-0.233927
-71614.485920	-1.764435	-0.687361
-78124.902424	-0.471369	-0.295761
-84635.318928	-0.349735	-0.207872
-91145.735432	-0.221208	-0.210935
-97656.151936	-0.217177	-0.175188
-104166.568440	-0.221420	-0.117982
-110676.984944	-0.099543	-0.166845
-117187.401448	-0.106672	-0.130337
-123697.817952	-0.113900	-0.075559
-130208.234456	-0.091090	-0.118173
-136718.650960	-0.215986	-0.079504
-143229.067463	-0.209237	-0.005014
-149739.483967	-0.165958	0.027652
-156249.900471	-0.139489	-0.000877
-162760.316975	-0.070440	-0.004886
-169270.733479	-0.075638	-0.013916
-175781.149983	-0.060747	0.022988
-182291.566487	-0.036164	-0.061261
-188801.982991	0.000666	-0.002964
-195312.399495	-0.007418	-0.010347
-201822.815999	-0.043838	-0.057394
-208333.232503	0.000198	-0.088726
-214843.649006	-0.016840	-0.120421
-221354.065510	-0.000682	-0.071389
-227864.482014	0.047728	-0.092080
-234374.898518	-0.138746	-0.101436
-240885.315022	-0.091472	-0.033557
-247395.731526	-0.013697	-0.095219
-253906.148030	-0.135223	-0.026626
-260416.564534	-0.079043	0.053277
-266926.981038	-0.090637	-0.023493
-273437.397542	-0.086542	0.086997
-279947.814046	-0.062050	-0.009700
-286458.230549	-0.032006	-0.037963
-292968.647053	-0.108493	-0.041576
-299479.063557	-0.047673	0.002399
-305989.480061	-0.043324	-0.037209
-312499.896565	-0.076219	-0.038860
-319010.313069	-0.097471	-0.019556
-325520.729573	-0.091995	0.035408
-332031.146077	-0.074515	0.069204
-338541.562581	-0.079514	0.002014
-345051.979085	-0.055420	0.026995
-351562.395588	-0.062600	0.104291
-358072.812092	-0.088992	0.055759
-364583.228596	-0.034340	-0.025073
-371093.645100	0.002356	0.006961
-377604.061604	-0.099007	0.017709
-384114.478108	-0.068481	0.017755
-390624.894612	-0.067905	0.056818
-397135.311116	-0.164765	0.342758
-403645.727620	0.265056	-0.688072
-410156.144124	-0.000650	-0.230027
-416666.560628	-0.074388	-0.095895
-423176.977131	-0.046888	-0.038907
-429687.393635	0.013635	0.002392
-436197.810139	0.003453	-0.029789
-442708.226643	-0.061508	-0.127079
-449218.643147	-0.012819	-0.050159
-455729.059651	-0.058322	-0.004624
-462239.476155	-0.055946	0.001162
-468749.892659	0.081184	0.088744
-475260.309163	-0.051613	-0.027961
-481770.725667	0.038184	0.047328
-488281.142171	-0.039014	-0.122013
-494791.558674	-0.103696	0.018108
-501301.975178	-0.049343	0.023039
-507812.391682	-0.007769	0.026444
-514322.808186	0.008219	-0.049824
-520833.224690	-0.015616	-0.062209
-527343.641194	-0.007459	0.024266
-533854.057698	0.016983	-0.059236
-540364.474202	0.069932	-0.073659
-546874.890706	0.062228	0.063337
-553385.307210	-0.019110	-0.014842
-559895.723713	0.061375	0.014923
-566406.140217	0.016641	0.026179
-572916.556721	0.002840	-0.069063
-579426.973225	-0.019355	-0.079359
-585937.389729	-0.010636	-0.010591
-592447.806233	-0.005562	-0.110155
-598958.222737	-0.026516	-0.090163
-605468.639241	-0.021230	-0.032429
-611979.055745	-0.015631	-0.043959
-618489.472249	-0.016639	0.131099
-624999.888753	-0.075383	0.032951
-631510.305256	0.030049	0.126662
-638020.721760	0.046786	-0.038193
-644531.138264	0.034573	-0.044878
-651041.554768	0.064901	-0.016788
-657551.971272	0.041224	-0.036327
-664062.387776	0.030638	-0.008280
-670572.804280	0.092178	-0.048736
-677083.220784	-0.015233	-0.088121
-683593.637288	-0.018301	-0.047182
-690104.053792	-0.016339	-0.009201
-696614.470296	-0.010360	-0.104886
-703124.886799	0.023791	-0.027594
-709635.303303	0.035314	0.017668
-716145.719807	0.025990	-0.134570
-722656.136311	0.061538	-0.063794
-729166.552815	-0.085267	-0.064750
-735676.969319	0.089403	-0.151585
-742187.385823	-0.006997	-0.080032
-748697.802327	0.058413	-0.099992
-755208.218831	0.029205	-0.100526
-761718.635335	0.090507	-0.090577
-768229.051838	-0.014647	-0.098349
-774739.468342	-0.007718	-0.019961
-781249.884846	0.138812	-0.042397
-787760.301350	0.013079	-0.039306
-794270.717854	0.004404	0.037946
-800781.134358	-0.012207	-0.080398
-807291.550862	-0.017010	0.012333
-813801.967366	0.000971	-0.076903
-820312.383870	0.033871	-0.112357
-826822.800374	-0.027978	-0.087748
