1.00227422981e+13 0.0028846135098
8.56228269929e+12 0.0028061016688
7.31683242372e+12 0.0030341860848
6.25030599057e+12 0.0029303719779
5.3386464126e+12 0.0031988536534
4.56085394473e+12 0.00280060514304
1.9998e+13 0.0024485541201
1.2926e+13 0.0023892605827
8.3516e+12 0.00190191070316
5.3975e+12 0.00183554954994
3.49e+12 0.001633211112
2.2546e+12 0.00151655342083
1.4579e+12 0.00152378213652
9.4234e+11 0.00152208877065
6.088e+11 0.001480405262
3.9342e+11 0.00130560341529
2.5452e+11 0.00126884767527
1.6457e+11 0.00119483826805
1.0626e+11 0.0010947558699
68754000000.0 0.00102078290317
44271000000.0 0.00101701665427
28549000000.0 0.000989278092315
18573000000.0 0.000951916675695
11922000000.0 0.00084643368525
7686000000.0 0.00117484641225
5030800000.0 0.00057108824095
1.9998e+13 0.00302963650605
1.3406e+13 0.00270021205405
8.985e+12 0.00235516324987
8.985e+12 0.00242038491563
6.0219e+12 0.00235383786324
4.037e+12 0.0019765890771
2.706e+12 0.0019246418235
1.8142e+12 0.00196113069735
1.2149e+12 0.00181483645095
8.154e+11 0.0017633387853
5.4585e+11 0.00175198445032
3.6593e+11 0.00174681954892
2.4575e+11 0.00160393345313
1.6457e+11 0.00145180650597
1.1045e+11 0.0013762611205
73862000000.0 0.00115227489825
49444000000.0 0.00128672929629
33310000000.0 0.0009893353135
22212000000.0 0.00083088295128
14869000000.0 0.00073588227376
9924400000.0 0.000603758838331
1.9998e+13 0.00314876759175
1.2926e+13 0.00293531719065
8.3516e+12 0.00354058628197
8.3516e+12 0.00510859312706
1.9998e+13 0.00293201126955
2.9994e+12 0.00248813352375
2.4055e+12 0.00245021283262
1.9298e+12 0.0023418200192
1.5478e+12 0.0022345967811
1.2414e+12 0.00221074501755
9.9568e+11 0.0022323817684
7.9822e+11 0.00223219389319
6.403e+11 0.00228657933188
5.1337e+11 0.00210810295303
4.1163e+11 0.00213723657481
3.302e+11 0.00220241955375
2.6508e+11 0.0020221004862
2.1295e+11 0.00200064235787
1.7044e+11 0.0020509317904
1.3675e+11 0.00207297889125
1.3617e+11 0.00200753865045
1.213e+11 0.00289152483675
1.0835e+11 0.0021970075325
96615000000.0 0.00188995050551
86022000000.0 0.00197261263278
76926000000.0 0.0017694158891
68754000000.0 0.00197769694993
61437000000.0 0.00186911059918
54531000000.0 0.00174620027063
48738000000.0 0.00200296377575
43600000000.0 0.002140535024
38753000000.0 0.00269881113967
34779000000.0 0.00201386512677
31023000000.0 0.00167796170885
27481000000.0 0.0020617153073
24651000000.0 0.0024423791733
21976000000.0 0.0018107224092
19674000000.0 0.0017933696982
17501000000.0 0.00228979540048
15657000000.0 0.00153653609753
13914000000.0 0.0020212019046
12447000000.0 0.00129883418123
11068000000.0 0.0017174876913
9924400000.0 0.00177840881264
8842000000.0 0.00156761962185
7825700000.0 0.00120439459861
7002500000.0 0.00110267159569
6225000000.0 0.00115482200437
5610100000.0 0.00075604288246
5030800000.0 0.00132565793295
1.00227422981e+13 0.0028846135098
8.56228269929e+12 0.0028061016688
7.31683242372e+12 0.0030341860848
6.25030599057e+12 0.0029303719779
5.3386464126e+12 0.0031988536534
4.56085394473e+12 0.00280060514304
4.4601654295e+12 0.0031632028416
3.1208929038e+12 0.00333482081238
2.18196874032e+12 0.0037926157836
1.52686690725e+12 0.00345165555825
1.06732833273e+12 0.0031364807364
7.47169927892e+11 0.0033279188032
5.2238745361e+11 0.00320743982387
3.65165018421e+11 0.00276913118555
2.55580429788e+11 0.00287524075851
1.78598070703e+11 0.002952801624
1.25156475981e+11 0.0029254161102
87412065416.9 0.0030907998386
61074676289.8 0.00292297935285
42878572585.7 0.00319498675272
30004576115.6 0.00295534074104
20863923348.7 0.00291017380166
14579536626.2 0.00334094213775
10200162578.8 0.0031761402432
7162967943.0 0.0037506920787
4973982581.41 0.00285298116216
2.91019660506e+11 0.00400447401255
1.88104817066e+11 0.0038837601786
2.91019660506e+11 0.00350899056585
2.18694042308e+11 0.0033883045508
1.64311580496e+11 0.00339234651245
1.23420684204e+11 0.00331304884695
92713584212.5 0.0033276038808
69652335287.4 0.00327503319376
52316015577.4 0.003382805125
39303225277.2 0.0033355204096
29518165785.1 0.0033424751063
21837388866.6 0.0033625354764
17679757253.1 0.0034120369308
14305046818.5 0.00339786999325
11574718350.5 0.00345775905321
9373662062.28 0.00343003701704
7587641313.51 0.00359221879995
6139964754.5 0.0035862799176
4980135424.45 0.00365577969435
4026514144.68 0.00368984584057
3261492464.87 0.0038845229202
2635883143.68 0.00377771837352
2138626328.03 0.0038426784836
1733049873.47 0.00394200940355
1398765813.99 0.00383720456601
1132354326.6 0.00387026500098
917196526.787 0.00390858773393
745521412.526 0.004043517301
601059357.829 0.00454750779845
488961925.842 0.00393949584
396073712.37 0.00370890345678
319760726.087 0.0037714347335
257796443.937 0.00368242723613
207983447.742 0.0033455206674
168459025.403 0.0030643778832
137546736.032 0.00302901078456
111812204.197 0.00267821118974
90588928.2252 0.00223340752313
73210406.4442 0.00189357840491
3169469406.28 0.00419123533455
2278125474.84 0.0034973271595
1636719199.85 0.0034284328471
1176133389.19 0.00234026281595
1176133389.19 0.00258398112688
844906560.901 0.0035188289052
607251826.691 0.00498947317175
436384491.612 0.00509468416665
313618664.924 0.0050572236123
225308416.24 0.0043700222118
161865141.746 0.0049351513925
116340669.686 0.00342753736577
83550814.427 0.0046114353901
60154621.1199 0.004302950759
43191509.281 0.0046352947239
31010020.2037 0.0044887133457
22332729.975 0.00483604775693
16026439.9622 0.0052516414144
11501252.9191 0.00503037275908
8292161.18296 0.005427344568
5944617.38628 0.0076840276596
4271762.62164 0.0073157261109
3082934.23798 0.0073461727791
2205220.38799 0.00566718159195
1572911.39993 0.00645817701201
12617884.9749 0.0055521877257
9314823.27656 0.00540770240115
6876173.14015 0.00520162330105
5076556.60222 0.00562460697432
5076556.60222 0.00539349539221
3745425.89257 0.0055185250455
2765864.61526 0.0056749362306
2041651.77527 0.0062608555818
1506852.33009 0.00661278907555
1112377.79832 0.00711086084025
820686.217965 0.0084401213349
606350.008045 0.0076238027975
446932.325389 0.0092793035838
330432.361304 0.009701636766
243839.775348 0.010291545738
179911.177205 0.0102780737494
132967.950776 0.0114067845677
98202.2010949 0.012668765265
72389.7361322 0.0139955857195
53394.1343193 0.0135022161696
39514.3346554 0.0121031445982
29000.6924243 0.0116817366067
21385.6682338 0.0146124558468
15871.1010431 0.0116885336794
11718.770759 0.00828042148462
8659.88955299 0.011034941175
6362.57386174 0.0029363886994
4674.76296525 0.0075053058865
3465.9748847 0.003443384954
2563.45349915 0.0129803555098
953035.016022 0.00746698379525
794804.831665 0.007593198187
662660.386536 0.0076280653152
662660.386536 0.0073406258376
552471.173815 0.0077266464408
460789.808964 0.00785422189275
384073.588054 0.0082457470016
320161.938288 0.0089444838217
266910.173432 0.00886772152915
222507.225111 0.0094557979488
185610.678608 0.00953227380998
154695.423713 0.00998353303063
129006.848602 0.0105123205965
107552.042982 0.011030851825
89655.8278533 0.0118657324598
74729.6059946 0.0119569987287
62391.3055247 0.0125185456247
51980.8396804 0.013030334272
43358.4066924 0.01365563862
36112.5445353 0.0147383578702
30148.728149 0.0154252621349
25149.2262396 0.0162649783623
20925.7830156 0.016464212973
17445.036691 0.0177336506495
14549.7102754 0.018630257334
12163.5482583 0.0190731645737
10126.8906645 0.0198086408218
8440.53182218 0.020611060932
7019.87577438 0.0210322646188
5867.06720732 0.0213079405788
4880.11437568 0.0221979975325
4069.58184496 0.0213978966497
3410.60714144 0.0216424506681
2834.00427585 0.0197239909371
2354.07115643 0.017440741546
1977.87730446 0.018679040025
1634.80693989 0.0167699699228
100227.422981 0.0114861042747
82480.383038 0.0117120231323
67890.8226672 0.012207838071
55862.3290601 0.0128073196595
45970.39663 0.0130897732785
37826.6052708 0.0140094612378
37826.6052708 0.0133788325702
31129.2402678 0.0143528365852
25623.1973192 0.015310434425
21076.4267357 0.0156319621865
17342.5818452 0.0164822523481
14281.3302222 0.018134514348
11748.3299435 0.018959408974
9671.91123454 0.0195474797195
7957.3497083 0.0214493705362
6546.50764564 0.0228437301435
5388.26394873 0.0243440671663
4432.80060654 0.0262153988223
3651.65018421 0.0281593717815
3001.61034219 0.0304236453717
2470.95329923 0.0316675632685
2032.36435108 0.0342068872898
1673.36393563 0.037306240393
1378.36512992 0.0394581988535
1134.63777821 0.042022443883
931.757186036 0.0451323435472
767.468010853 0.048826434593
630.44342118 0.0502740804825
519.630923825 0.051579317376
426.455205221 0.0562778050377
350.906241624 0.0515318976838
290.342776313 0.060561183262
238.996144228 0.0570203318345
195.803828434 0.055811919712
161.166778718 0.0619625595712
132.488845209 0.04699630161
19998.0 0.016918877943
13406.0 0.0166466759495
8985.0 0.017517039195
8985.0 0.017613663885
6021.9 0.0210430071502
4037.0 0.0227400284018
2706.0 0.02789419215
1814.2 0.0330038311545
1214.9 0.0379289988023
815.4 0.0468214156755
545.85 0.0500539400887
365.93 0.0506037095435
245.75 0.07131375015
164.57 0.052073617911
110.45 0.0844495453625
326.529429652 0.057562103214
255.567488394 0.060179404376
199.970293277 0.0635446954093
156.460793767 0.0680591721128
156.460793767 0.0704997839227
122.449352525 0.075660062735
95.8508706314 0.0826618809867
74.9949830179 0.0908021057925
58.6995349334 0.09946973145
45.9129964616 0.109246968694
35.9593840845 0.121024417889
28.1349565073 0.132271617625
22.0168158287 0.14536945334
17.2326812709 0.15711966711
13.4790133749 0.168398653547
10.5383217918 0.179422673045
8.25238719074 0.194786808205
6.45662228059 0.181347588812
5.05305843556 0.14091404659
3.96119810149 0.09050207556
3.09188982893 0.39808499508
3.09188982893 0.39808499508
3.09188982893 0.39808499508
3.09188982893 0.39808499508
3.09188982893 0.39808499508
3.09188982893 0.39808499508
3.09188982893 0.39808499508
3.09188982893 0.39808499508
3.09188982893 0.39808499508
3.09188982893 0.39808499508
3.09188982893 0.39808499508
3.09188982893 0.39808499508
3.09188982893 0.39808499508
65.1511865713 0.101398664119
49.8684474871 0.113787684168
38.1563504912 0.12365555952
32.5821090559 0.127030176748
25.4955573492 0.03014374708
19.951288457 0.11832252357
28.3455552496 0.120989782298
65.1511865713 0.093440085057
49.8684474871 0.101630260141
38.1563504912 0.11188081248
29.1945601111 0.121323177664
22.345182441 0.137119946457
17.1052000187 0.149388686128
13.0895308234 0.166337201246
10.0160420039 0.179788206528
7.66059106429 0.194559832725
5.86158690264 0.21176530024
4.49001726835 0.220923082605
3.43315933637 0.23184042596
2.62842913361 0.233082074734
2.0118743752 0.228752733093
1.53765661756 0.21335524334
1.17648747348 0.222117427788
0.901424233044 0.205037112495
0.688977544559 0.20522167236
0.527744810115 0.134950831687
0.404270964178 0.164648258095
0.308336021135 0.214887783287
0.236418207176 0.07018432262
0.18130456465 0.00393002422974
0.138815226953 0.0327474558652
23.1165133199 0.15056924157
16.615499673 0.157008531595
11.9374053933 0.167943818565
8.57812449725 0.187125470057
8.57812449725 0.188249031421
6.16232285772 0.20219235546
4.42898893816 0.219448990082
3.18276866562 0.228133851855
2.28737656553 0.23291816637
1.64328609539 0.23192327138
1.18056280896 0.21653970268
0.848530241406 0.19429307452
0.609377554099 0.166662884509
0.43873750528 0.121964378759
0.315017112209 0.112283608644
0.226171466956 0.0687509863425
0.162883682964 0.0567307711163
0.116888780224 0.04667783888
0.0838843453646 0.0423991348252
5.85448284715 0.202169131065
4.32191870549 0.21595715001
3.19042674609 0.23891244031
3.19042674609 0.232104214505
2.35543544812 0.256619242184
1.7378135628 0.288752413225
1.28331388183 0.287161449627
0.947291508991 0.279366756855
0.699153712149 0.26997251667
0.516124275404 0.25807102525
0.380784370401 0.233144134087
0.281336034409 0.20866361175
0.207368955893 0.18035907144
0.153314964849 0.141070928135
0.113137485804 0.115900194551
0.0834757095228 0.0939023119285
0.0616948552459 0.072300868866
0.0455641419307 0.057929457024
0.0335875996126 0.0423017024815
0.0247739652194 0.033369369378
0.0183339755368 0.0252324600446
0.0134558253377 0.0199646058857
0.0099225843395 0.0134005063941
0.00736391946881 0.0112128344373
0.00543730922693 0.00771407035237
0.00401804065792 0.00584587758375
0.00295212546408 0.0044431089711
0.00216901007173 0.00320797049132
0.00160815307411 0.00260115475831
0.00118939858543 0.00198706540599
0.000885169233756 0.00138729064647
2.93419206248 0.25492920453
2.21406931807 0.262633905
1.67074932571 0.27813578751
1.26077235496 0.26807140757
1.26077235496 0.276819672804
0.951389547532 0.261835643362
0.718215328825 0.260385095025
0.541764715047 0.245500365048
0.40905260781 0.229473582345
0.308707875761 0.200288439
0.232954132293 0.169696591092
0.175687647546 0.14854112207
0.132646081312 0.120177332809
0.1000307421 0.100433917544
0.0754925742568 0.083856315244
0.0569935775953 0.063832743351
0.0429682040953 0.0516424502187
0.0324422045672 0.0395312066275
0.024527897144 0.0299573111797
0.0184564466216 0.02306787336
0.0139583205061 0.0185288332258
0.0105218912484 0.0143162448408
0.00794614659105 0.0114132100049
0.00601246736355 0.00851116235795
0.00451089112756 0.006921289116
0.00339989491308 0.0050453119725
0.00256826171926 0.00382977674
0.00193265215757 0.0028668624197
0.00145615040028 0.0021689453657
0.613039612333 0.286522994835
0.504490094017 0.25447656584
0.415253254758 0.237572694255
0.341681144067 0.219658819725
0.281177279538 0.201521897471
0.231365895095 0.199691958344
0.231365895095 0.195233237451
0.190401556964 0.172860673795
0.156723923295 0.149566826563
0.128913665454 0.130039240823
0.106075656093 0.110556559048
0.0873515539225 0.09655935379
0.0718584936128 0.0810750233645
0.0591581080048 0.068739080391
0.0486710167267 0.057867806889
0.0400416212436 0.049481964756
0.0329572400849 0.0413799700665
0.0271131620924 0.0349941220303
0.0223352666039 0.02912487425
0.018359307122 0.0249779734407
0.0151135508387 0.0204769879132
0.0124309277526 0.017340995458
0.010235106799 0.0146222604101
0.00843075078426 0.0122530753805
0.00693999589139 0.0102165024511
0.0056990796244 0.00845785879147
0.00469420721255 0.00701454764835
0.00385609825159 0.00582116716283
0.00317831518185 0.00485234064
0.00260840721941 0.00400363209109
0.00214631305418 0.00325473741931
0.00177587747685 0.00279144593153
0.00146181652934 0.00221374243752
0.00119763134186 0.00181242243831
0.000985774318121 0.00159851345623
0.000810366144215 0.00133337604691
0.00066641004763 0.00110384718123
0.000549583666862 0.0008435534103
0.000449893456875 0.00070746410145
0.000370834092929 0.000601012498932
0.000304232939726 0.00654735022711
0.261510142835 0.20198519946
0.17530777952 0.15830039405
0.117495181187 0.122274731063
0.117495181187 0.123228264187
0.0787472711841 0.0897856558245
0.0527911014414 0.06458388563
0.0353858609117 0.04358156418
0.0237239574523 0.0288990494475
0.0158870223288 0.0202215792105
0.0106628348069 0.014043944052
0.00713797937126 0.00969372695137
0.00478519884827 0.00678228475857
0.00321362724281 0.00477268003125
0.00215205141546 0.00320738742642
0.00144433419723 0.00215589757287
0.000965879696474 0.00149085036609
0.00064657003212 0.00099039990856
0.000435588701762 0.00066868509255
0.000290462210854 0.00045315745164
0.000194439159607 0.000307715181692
0.000129779541032 0.00020917087227
0.0585448284715 0.070428826413
0.0481784299508 0.0609772704503
0.0396563779615 0.051328889261
0.0326302959368 0.043012280248
0.0268522217316 0.0437470073879
0.0268522217316 0.0441564886699
0.0220952714474 0.0321994405435
0.0181832075267 0.02783998558
0.0149670184799 0.0431663968125
0.0123111594745 0.472053125335
0.0101301465126 1.25923673491
0.00834200863734 1.9811844028
0.0585448284715 0.0742560186555
0.0392465231768 0.0506418989785
0.0263038945803 0.0357422356575
0.0263038945803 0.0349533459187
0.0176293180604 0.0241063025159
0.0118184554725 0.01682859783
0.00792190748294 0.0116008824525
0.0053111325039 0.0080293534854
0.00355666127163 0.00547502308497
0.00238711136792 0.00378933809175
0.00159799453051 0.00254846038612
0.00107127258139 0.001750133411
0.000719441523996 0.00118232063681
0.000481784299508 0.000796333741035
0.000323346149849 0.00053646989805
0.000216233529381 0.000363758292028
0.000144748999847 0.000242905442394
9.75161634356e-05 0.000164878221065
6.50263891394e-05 0.000108452288988
4.35295056777e-05 7.3213721873e-05
2.90540201861e-05 4.89666273594e-05
0.0521781332981 0.0548667977715
0.0385191410081 0.042752747457
0.028434708305 0.032375696665
0.0209928405285 0.0272136734125
0.0209928405285 0.0269170991901
0.0154882796815 0.020988034294
0.011437547011 0.0156087108216
0.00844274446075 0.0111790199983
0.00623121401853 0.0085067194419
0.00459996244647 0.00654095919
0.00339374427347 0.00496665563877
0.00250741004598 0.003712566913
0.0018481777648 0.00277692531261
0.00136642106252 0.00207760417958
0.00100833890361 0.00155830517069
0.000743978044235 0.00113446548892
0.00054985597616 0.00085713774424
0.00040609084241 0.00062375912838
0.000299349796644 0.000479147099777
0.000220798197431 0.000359929376316
0.000163401728969 0.000261177317867
0.000119925169556 0.000187097045254
8.84351260129e-05 0.000136244796408
6.56310013492e-05 0.000104184006861
4.84600694942e-05 7.69054904085e-05
3.58108250583e-05 5.56747934063e-05
2.63108458935e-05 4.2569003481e-05
1.93313226125e-05 3.12782233725e-05
1.43326793596e-05 2.27819167741e-05
1.06005260508e-05 1.66834849671e-05
7.88907909992e-06 1.21200484429e-05
0.0369392895054 0.0427414604265
0.0272694634948 0.0334098537307
0.0201302318747 0.025405553825
0.0148617929544 0.0203184650529
0.0148617929544 0.0200406757621
0.0109648623079 0.0155623246241
0.00809716319012 0.0118498176576
0.00597700534962 0.00880498634385
0.00441136169601 0.00647727902525
0.00325652402231 0.00492954325225
0.00240258695168 0.0037777908003
0.00177511037177 0.00286383838075
0.00130840965738 0.00212628155354
0.000967352030903 0.00159448608535
0.000713849276041 0.00118166850081
0.000526696120091 0.00087953101069
0.000389268220341 0.0006464913128
0.000287490299961 0.00048414393951
0.000211923426591 0.000360669214867
0.000156313153071 0.0002611893315
0.000115679565185 0.000197068224592
8.49005182287e-05 0.000145287595166
6.26072746523e-05 0.000104835785859
4.646319073e-05 7.997726877e-05
3.43071019094e-05 5.85286445048e-05
2.53521226354e-05 4.39280771625e-05
1.86266524339e-05 3.2159156668e-05
1.36855283501e-05 2.3712111823e-05
1.01467599316e-05 1.72806623696e-05
7.50459772991e-06 1.30151361249e-05
5.58504029146e-06 9.5540816414e-06
0.0233071160149 0.0255169730475
0.0172058682733 0.0195829977052
0.0127013176483 0.014780712195
0.00937715741739 0.0116261649084
0.00937715741739 0.0115521636629
0.00691836040485 0.00910430638785
0.00510896458461 0.0068491251348
0.0037712354236 0.005068573299
0.00278338106145 0.00378938141905
0.00205472774949 0.00285749111525
0.00151592988302 0.00217831253128
0.00112001892641 0.00164313245525
0.000825550682969 0.00123408322938
0.000610357868638 0.000924330630925
0.000450408443601 0.00067578598422
0.000332322785304 0.00050773054904
0.000245611642614 0.000381826476695
0.00018139411624 0.00027945060834
0.000133714642484 0.000205680400503
9.86269319756e-05 0.000154773762948
7.29888712647e-05 0.000112785746723
5.35686055303e-05 8.30303094893e-05
3.95025197625e-05 6.09547747095e-05
2.93162914411e-05 4.5918413191e-05
2.16463179191e-05 3.3660442236e-05
1.5996107976e-05 2.51354674687e-05
1.1752623157e-05 1.8331917885e-05
8.6349846262e-06 1.34789380895e-05
6.40217270193e-06 9.9990302592e-06
4.73508105538e-06 7.5312966631e-06
3.52392219136e-06 5.5997759869e-06
0.0165001745289 0.023894130348
0.0110611731041 0.0155293729885
0.0074134447516 0.0103649050687
0.0074134447516 0.0104647082025
0.00496861691148 0.00712823292968
0.003330893318 0.004961751553
0.00223269688345 0.0034079925495
0.00149688051957 0.00232386093825
0.00100240334209 0.00159273086275
0.000672779393484 0.0010798329969
0.000450376050936 0.000742061923312
0.000301925635832 0.00050246433788
0.000202766171141 0.000332974846187
0.000135785264638 0.00022643943322
9.11313269687e-05 0.000153981520437
6.09428888417e-05 0.000102251986096
4.07958110515e-05 6.8280643597e-05
2.74837890568e-05 4.61179198425e-05
1.83269265245e-05 3.1173825663e-05
1.22682815817e-05 2.07440281283e-05
8.18853545829e-06 1.39138301608e-05
0.0036939289508 0.00661800063375
0.00247628820454 0.00427164460565
0.0016596635475 0.00354173987062
0.00111233477092 0.0016550742013
0.000745694128131 0.0011724037402
0.0004998385709 0.00077883571095
0.000335109806107 0.000558612272265
0.000224410155132 0.000370617211765
0.000150616544979 0.000251716813515
0.000100826638554 0.000171139599956
6.75927303213e-05 0.000114965124629
4.53936913521e-05 7.86909746937e-05
3.03985342251e-05 5.16276784678e-05
2.04017628071e-05 3.53325270063e-05
1.36434133495e-05 2.39134927977e-05
9.13304445661e-06 1.52775272699e-05
6.15285395295e-06 1.10092422987e-05
4.10288778153e-06 7.1545634973e-06
2.74652613108e-06 4.69573093747e-06
1.83318474244e-06 3.10091078619e-06
39.9012557747 0.70830646227
26.7484865945 0.418893762925
39.9012557747 0.095692539789
26.7484865945 0.105100459345
17.9274319 0.119325135262
17.9274319 0.1199671809
12.0152701345 0.144775855109
8.05487396553 0.168643000487
5.39917982431 0.2023621215
3.61980489182 0.229536620595
2.42404418646 0.540944004945
3.61980489182 0.229536620595
5.85448284715 0.240794768115
4.50518234497 0.229404207725
3.46561495872 0.24090957414
2.66689580922 0.257127773161
2.05217218273 0.271726278353
2.05217218273 0.271443586611
1.57905338439 0.267074519411
1.21489740811 0.266672999365
0.934732387372 0.256868246242
0.719500074679 0.27063037281
0.553333234793 0.210509225965
0.425692744677 0.207997881135
0.327444697697 0.1752973599
0.251955301409 0.188753778972
0.193849603064 0.13738123215
0.65688377949 0.293031343935
0.505489773106 0.24218638807
0.388848393919 0.22327101333
0.299230631364 0.201558011031
0.230257506043 0.182455201853
0.230257506043 0.184612586202
0.177172703761 0.156972012709
0.136313731198 0.127236846978
0.104878698847 0.108051375906
0.0807292361662 0.0871480574072
0.0620850100817 0.070750998141
0.0477635115389 0.0573676221472
0.0367398993579 0.0648628719825
0.028269849784 0.0320441187528
0.0217502831997 0.0384423841356
0.0167505692245 0.0284576424615
0.0128900056379 0.0105738108578
0.00990482722609 0.027294662027
0.00763703764033 0.0325385086875
