SIMFIT 1
1   283013185
2   272443785
3   261825857
4   251319473
5   241008041
6   231055162
7   221497457
8   212285350
9   203499855
10   195179943
11   187327969
12   179888764
13   172814686
14   166134516
15   159830280
16   153852356
17   148178048
18   142745820
19   137535796
20   132525987
21   127673145
22   122960599
23   118440645
24   114102947
25   109903822
26   105879412
27   102052926
28   98381562
29   94826600
30   91453809
31   88274960
32   85303824
33   82481044
34   79798891
35   77305069
36   74974911
37   72712420
38   70588514
39   68655797
40   66806610
41   65022656
42   63320473
