249999.990945 0.0517925739506
249755.85032 0.0343953941387
249511.709695 0.0397520499186
249267.56907 0.0257438424323
249023.428445 0.0321949412822
248779.28782 0.0519332706064
248535.147195 0.0103282315162
248291.00657 0.0399900796308
248046.865945 0.0395987259828
247802.72532 0.0114759797383
247558.584695 0.0407832047528
247314.44407 0.0105772681971
247070.303445 0.0187885998257
246826.16282 0.010099180474
246582.022195 0.0407099237092
246337.88157 0.0402518792257
246093.740945 0.045061790489
245849.60032 0.0206491173082
245605.459695 0.0178645108609
245361.31907 0.0372267706729
245117.178445 0.00842022052315
244873.03782 0.0113444340363
244628.897195 0.0485563751178
244384.75657 0.0736800202411
244140.615945 0.0404840236151
243896.47532 0.0322309692787
243652.334695 0.0209079267801
243408.19407 0.0472958525542
243164.053445 0.0106043435229
242919.91282 0.0262948699815
242675.772195 0.00950659947909
242431.63157 0.00654799241155
242187.490945 0.00938637465316
241943.35032 0.060270378634
241699.209695 0.043126901632
241455.06907 0.0260070773779
241210.928445 0.0234568762954
240966.78782 0.0515198794283
240722.647195 0.00615594447465
240478.50657 0.00878508630204
240234.365945 0.0285837575178
239990.22532 0.0226551158847
239746.084695 0.030298998979
239501.94407 0.0217550752472
239257.803445 0.036151373672
239013.66282 0.0257373819669
238769.522195 0.0229850282879
238525.38157 0.023979025964
238281.240945 0.0476648160418
238037.10032 0.0351677043545
237792.959695 0.0554004578066
237548.81907 0.0171074466893
237304.678445 0.0187791355603
237060.53782 0.037468559959
236816.397195 0.0264553721357
236572.25657 0.0203112062819
236328.115945 0.0164344591116
236083.97532 0.0365381355944
235839.834695 0.0221862269227
235595.69407 0.0463840831976
235351.553445 0.0172078821173
235107.41282 0.0423974630591
234863.272195 0.0229229676238
234619.13157 0.0409496476166
234374.990945 0.0224551898246
234130.85032 0.00926899144188
233886.709695 0.0260636037553
233642.56907 0.0227040104706
233398.428445 0.00641584251489
233154.28782 0.0405243150833
232910.147195 0.0213940120611
232666.00657 0.00927921361806
232421.865945 0.0249283806819
232177.72532 0.0128558373525
231933.584695 0.0604026265861
231689.44407 0.0144717518495
231445.303445 0.0286799990147
231201.16282 0.0619414635641
230957.022195 0.0396674854057
230712.88157 0.00394044743776
230468.740945 0.0352207437355
230224.60032 0.0179344204897
229980.459695 0.0416067385444
229736.31907 0.026391339169
229492.178445 0.0423096444407
229248.03782 0.0399046818428
229003.897195 0.0280251326006
228759.75657 0.0576520215507
228515.615945 0.0543677595183
228271.47532 0.0468652939657
228027.334695 0.0382075627711
227783.19407 0.0334237060561
227539.053445 0.0349206075229
227294.91282 0.00838344536026
227050.772195 0.0517298038427
226806.63157 0.033663638183
226562.490945 0.0207411681453
226318.35032 0.0180142420891
226074.209695 0.0200920276222
225830.06907 0.0318076403307
225585.928445 0.0217298208829
225341.78782 0.0387242803406
225097.647195 0.00743798640542
224853.50657 0.0191590355812
224609.365945 0.0220566646961
224365.22532 0.0244306128936
224121.084695 0.0459251796494
223876.94407 0.0516926827695
223632.803445 0.058428467399
223388.66282 0.0281503257716
223144.522195 0.0471904486974
222900.38157 0.0281320461802
222656.240945 0.0473411571675
222412.10032 0.0400391947392
222167.959695 0.0135503881995
221923.81907 0.0134660495466
221679.678445 0.0283119932733
221435.53782 0.00852497479539
221191.397195 0.0236833366016
220947.25657 0.0209329651107
220703.115945 0.0269303442808
220458.97532 0.0323555088484
220214.834695 0.00786072830815
219970.69407 0.0265404703121
219726.553445 0.0488596143617
219482.41282 0.0278903626421
219238.272195 0.0446962203494
218994.13157 0.0411615570733
218749.990945 0.02924637884
218505.85032 0.0404102934748
218261.709695 0.0350393640774
218017.56907 0.0226552851018
217773.428445 0.016783454781
217529.28782 0.0417823705011
217285.147195 0.0523242645133
217041.00657 0.0261564810678
216796.865945 0.0433908727511
216552.72532 0.042848927611
216308.584695 0.0638983171713
216064.44407 0.0384079538446
215820.303445 0.027501826142
215576.16282 0.0136400045315
215332.022195 0.0139073971373
215087.88157 0.0320844003513
214843.740945 0.0238620470748
214599.60032 0.0404497197037
214355.459695 0.0313019145787
214111.31907 0.048553880736
213867.178445 0.0406942037664
213623.03782 0.0884355838311
213378.897195 0.0470635492156
213134.75657 0.0412933586715
212890.615945 0.0226438596159
212646.47532 0.0223757137778
212402.334695 0.0154433546042
212158.19407 0.016154986259
211914.053445 0.0250340184124
211669.91282 0.0136049321077
211425.772195 0.0284798742966
211181.63157 0.0143756520507
210937.490945 0.0163618334132
210693.35032 0.0335733139596
210449.209695 0.00940530689873
210205.06907 0.0313168162951
209960.928445 0.0190096875747
209716.78782 0.0284215358724
209472.647195 0.0305724418383
209228.50657 0.0257806527684
208984.365945 0.031792977161
208740.22532 0.00384523469785
208496.084695 0.0211141490492
208251.94407 0.0170553409205
208007.803445 0.0479936897942
207763.66282 0.0575808596021
207519.522195 0.0338434439942
207275.38157 0.0272130571203
207031.240945 0.00305112186853
206787.10032 0.0528628175295
206542.959695 0.0365774150948
206298.81907 0.0131757432426
206054.678445 0.0186036737168
205810.53782 0.0397565939148
205566.397195 0.0302152423995
205322.25657 0.0489216523187
205078.115945 0.0266476274464
204833.97532 0.0315813705376
204589.834695 0.0461464782323
204345.69407 0.0543077872948
204101.553445 0.0117158573668
203857.41282 0.0250322442809
203613.272195 0.0459515820431
203369.13157 0.0507939417117
203124.990945 0.0277439116244
202880.85032 0.020040427888
202636.709695 0.0493850104256
202392.56907 0.0544757631666
202148.428445 0.0266102182549
201904.28782 0.0489617406672
201660.147195 0.0203001620031
201416.00657 0.0366239958815
201171.865945 0.0237125420904
200927.72532 0.01911458678
200683.584695 0.0231924666316
200439.44407 0.0194202387899
200195.303445 0.0298095096659
199951.16282 0.0159843216103
199707.022195 0.0539012566757
199462.88157 0.00144000104014
199218.740945 0.0376136061593
198974.60032 0.0140778880635
198730.459695 0.0634627952074
198486.31907 0.0617526321437
198242.178445 0.0358034587493
197998.03782 0.0199124197249
197753.897195 0.0610650052408
197509.75657 0.0523909430373
197265.615945 0.125716014458
197021.47532 0.0416683698758
196777.334695 0.218991549164
196533.19407 0.113945659168
196289.053445 0.0340315694878
196044.91282 0.0351851358768
195800.772195 0.0225657161181
195556.63157 0.0498011618166
195312.490945 0.0455295546895
195068.35032 0.0117017647343
194824.209695 0.0160925529592
194580.06907 0.0298824380127
194335.928445 0.0361080627333
194091.78782 0.0288830871144
193847.647195 0.0254745189884
193603.50657 0.0383010379092
193359.365945 0.0384363091832
193115.22532 0.0209563988365
192871.084695 0.0128788136685
192626.94407 0.0106697392432
192382.803445 0.0253007861037
192138.66282 0.0233566585016
191894.522195 0.0380800078846
191650.38157 0.00828302152381
191406.240945 0.0521718480817
191162.10032 0.00828386975275
190917.959695 0.0599076120603
190673.81907 0.003825009385
190429.678445 0.0083299216305
190185.53782 0.0627363726383
189941.397195 0.0725070286549
189697.25657 0.0299214993071
189453.115945 0.0597218392405
189208.97532 0.0343767384997
188964.834695 0.0287647319487
188720.69407 0.0315956215854
188476.553445 0.0151941616255
188232.41282 0.0135733128318
187988.272195 0.0391995064159
187744.13157 0.0358064715403
187499.990945 0.037034273923
187255.85032 0.0168284890729
187011.709695 0.0256591840974
186767.56907 0.0633787005574
186523.428445 0.0267568480376
186279.28782 0.0404902706708
186035.147195 0.0127173997927
185791.00657 0.0687819114475
185546.865945 0.0474910095001
185302.72532 0.0263237050012
185058.584695 0.0401591895422
184814.44407 0.02224350404
184570.303445 0.00876301222347
184326.16282 0.0204505535089
184082.022195 0.0464995381979
183837.88157 0.0378111032665
183593.740945 0.00361605750982
183349.60032 0.0272911231245
183105.459695 0.0475319305006
182861.31907 0.0566053259251
182617.178445 0.0305720427823
182373.03782 0.0269056515886
182128.897195 0.0384336519017
181884.75657 0.00721283199289
181640.615945 0.0238541720948
181396.47532 0.0420038119663
181152.334695 0.0144899270211
180908.19407 0.0105727264492
180664.053445 0.0372536542888
180419.91282 0.0746750011569
180175.772195 0.03490259184
179931.63157 0.0189858355607
179687.490945 0.0399003769437
179443.35032 0.027176176985
179199.209695 0.0490385493784
178955.06907 0.0259265156349
178710.928445 0.0378430440566
178466.78782 0.0359745512371
178222.647195 0.0258885214857
177978.50657 0.00701304219021
177734.365945 0.028585934309
177490.22532 0.0530928899368
177246.084695 0.0116502864116
177001.94407 0.033178100983
176757.803445 0.0299662310089
176513.66282 0.0693310493871
176269.522195 0.013548334318
176025.38157 0.0467456377278
175781.240945 0.0136797263522
175537.10032 0.0265394154972
175292.959695 0.0194060237065
175048.81907 0.0218484265571
174804.678445 0.0537579169147
174560.53782 0.0417697127465
174316.397195 0.0375316539235
174072.25657 0.0219073308206
173828.115945 0.0117857693867
173583.97532 0.0342598456666
173339.834695 0.0630490134306
173095.69407 0.0181673216439
172851.553445 0.031855372242
172607.41282 0.0651946535502
172363.272195 0.0341499382207
172119.13157 0.00136601703381
171874.990945 0.04148485266
171630.85032 0.0195559893757
171386.709695 0.0357287572405
171142.56907 0.0323813562383
170898.428445 0.0424137964234
170654.28782 0.0317406305354
170410.147195 0.0253496324829
170166.00657 0.069648989878
169921.865945 0.0508152496961
169677.72532 0.0118819784338
169433.584695 0.0470757845623
169189.44407 0.0357687532623
168945.303445 0.0131424291311
168701.16282 0.043480617992
168457.022195 0.0297336211107
168212.88157 0.00614386985004
167968.740945 0.0432078410747
167724.60032 0.0312988327496
167480.459695 0.0131844634689
167236.31907 0.0259141496097
166992.178445 0.0211791704287
166748.03782 0.0658026999525
166503.897195 0.0400257045437
166259.75657 0.0215065704463
166015.615945 0.0329175329064
165771.47532 0.0679930144303
165527.334695 0.0459359010545
165283.19407 0.0397834007269
165039.053445 0.00885254024634
164794.91282 0.0266571635
164550.772195 0.0143952592889
164306.63157 0.0180142536106
164062.490945 0.0486873966762
163818.35032 0.0621692520859
163574.209695 0.0265120258548
163330.06907 0.0460477289065
163085.928445 0.0607066987976
162841.78782 0.0661377227415
162597.647195 0.054086129956
162353.50657 0.0220398410916
162109.365945 0.0622554635623
161865.22532 0.00964847095618
161621.084695 0.0407075433311
161376.94407 0.0696721732655
161132.803445 0.0351604617036
160888.66282 0.0266148132498
160644.522195 0.0387512301551
160400.38157 0.00555156274601
160156.240945 0.0374395107781
159912.10032 0.0456606920226
159667.959695 0.0164132513713
159423.81907 0.0475079429648
159179.678445 0.0303023494976
158935.53782 0.0287469231591
158691.397195 0.0496713538448
158447.25657 0.0192136610086
158203.115945 0.0247379253263
157958.97532 0.0309181463142
157714.834695 0.0356538476684
157470.69407 0.036912446478
157226.553445 0.0832346218578
156982.41282 0.0341479093755
156738.272195 0.0160130472137
156494.13157 0.0123478478377
156249.990945 0.0121246897582
156005.85032 0.00252607155025
155761.709695 0.0468071307212
155517.56907 0.069106636908
155273.428445 0.00708071455381
155029.28782 0.0517753882435
154785.147195 0.0482942788729
154541.00657 0.0505059586105
154296.865945 0.00186717745331
154052.72532 0.00358488052476
153808.584695 0.0238321918433
153564.44407 0.0485862074542
153320.303445 0.0453225757025
153076.16282 0.0368095492771
152832.022195 0.0106298502841
152587.88157 0.0569416590263
152343.740945 0.0318953937246
152099.60032 0.051218717771
151855.459695 0.0112181817248
151611.31907 0.0530970204596
151367.178445 0.051806252163
151123.03782 0.0366576660556
150878.897195 0.0526909470031
150634.75657 0.0593280780468
150390.615945 0.0391621737204
150146.47532 0.00811334157146
149902.334695 0.0259519540258
149658.19407 0.0269262314318
149414.053445 0.0476509167977
149169.91282 0.0850197169063
148925.772195 0.0605585481928
148681.63157 0.042587189969
148437.490945 0.0559105239095
148193.35032 0.0285117309754
147949.209695 0.0499930758604
147705.06907 0.0529787941032
147460.928445 0.0359946230105
147216.78782 0.0227993567089
146972.647195 0.0380832028894
146728.50657 0.0400672762597
146484.365945 0.031916810384
146240.22532 0.075477478866
145996.084695 0.0570158015369
145751.94407 0.0168724997919
145507.803445 0.0155809375007
145263.66282 0.0350545173648
145019.522195 0.00409622270462
144775.38157 0.0558718168539
144531.240945 0.00231021997808
144287.10032 0.0623452674185
144042.959695 0.0240756039009
143798.81907 0.0406321009535
143554.678445 0.0590919042647
143310.53782 0.03551388143
143066.397195 0.0409511554576
142822.25657 0.0263296205581
142578.115945 0.0291881985044
142333.97532 0.0406681913673
142089.834695 0.0349606082761
141845.69407 0.00949541011573
141601.553445 0.0398564706266
141357.41282 0.0118105419184
141113.272195 0.0245919435072
140869.13157 0.0208940397661
140624.990945 0.0214506375063
140380.85032 0.0501330859085
140136.709695 0.0434494263673
139892.56907 0.0349713835079
139648.428445 0.0653540323149
139404.28782 0.0504485063258
139160.147195 0.0384383191791
138916.00657 0.015532182601
138671.865945 0.0359730072138
138427.72532 0.032848416446
138183.584695 0.0279358187138
137939.44407 0.0499221766553
137695.303445 0.0246324540988
137451.16282 0.0306805559662
137207.022195 0.0115252491968
136962.88157 0.0266352513344
136718.740945 0.0630583452334
136474.60032 0.0132844130417
136230.459695 0.0167142065983
135986.31907 0.0710518026144
135742.178445 0.0324235228691
135498.03782 0.0567775612996
135253.897195 0.0208013888117
135009.75657 0.0420584158249
134765.615945 0.0108845790054
134521.47532 0.024567535707
134277.334695 0.0351045539102
134033.19407 0.059715963764
133789.053445 0.0754193055475
133544.91282 0.0794454871139
133300.772195 0.0505575061845
133056.63157 0.0151720877095
132812.490945 0.0337068586075
132568.35032 0.0333385083278
132324.209695 0.0655540001141
132080.06907 0.0318762427682
131835.928445 0.0472340549176
131591.78782 0.0410614911447
131347.647195 0.0717090648375
131103.50657 0.0134991171859
130859.365945 0.0210045335416
130615.22532 0.0260909265628
130371.084695 0.0330030040753
130126.94407 0.0180778677996
129882.803445 0.0696066055815
129638.66282 0.0716580312341
129394.522195 0.00774094598974
129150.38157 0.0623732198054
128906.240945 0.0134148349094
128662.10032 0.0229451308566
128417.959695 0.0319862450098
128173.81907 0.0594860459168
127929.678445 0.0448793774995
127685.53782 0.040408300058
127441.397195 0.028403680462
127197.25657 0.0431650715301
126953.115945 0.0467606826878
126708.97532 0.0719463156852
126464.834695 0.0525276829953
126220.69407 0.0447814919294
125976.553445 0.024916902975
125732.41282 0.0408683588375
125488.272195 0.0860251366698
125244.13157 0.0553656211784
124999.990945 0.0642088942906
124755.85032 0.0529575544487
124511.709695 0.0429982011744
124267.56907 0.0529184207351
124023.428445 0.0359905925681
123779.28782 0.0250894166193
123535.147195 0.0309043019671
123291.00657 0.0588176454563
123046.865945 0.0382114689941
122802.72532 0.0601914738738
122558.584695 0.0516233239733
122314.44407 0.0512179042821
122070.303445 0.0652856013197
121826.16282 0.0456066044599
121582.022195 0.0272546028788
121337.88157 0.0453215040415
121093.740945 0.0494044504542
120849.60032 0.110157524751
120605.459695 0.0727156116274
120361.31907 0.077931244463
120117.178445 0.0231346947374
119873.03782 0.0588669818279
119628.897195 0.0458410759937
119384.75657 0.0216500043189
119140.615945 0.0611684437917
118896.47532 0.0259211777677
118652.334695 0.0483248294513
118408.19407 0.0339507877819
118164.053445 0.0384375260859
117919.91282 0.0392719682174
117675.772195 0.0196996574442
117431.63157 0.0153852157782
117187.490945 0.0166277105384
116943.35032 0.0473896907019
116699.209695 0.0251584833997
116455.06907 0.079161492079
116210.928445 0.0428402853883
115966.78782 0.0741782103509
115722.647195 0.0499375825586
115478.50657 0.0130825683116
115234.365945 0.0291128268117
114990.22532 0.0699510912469
114746.084695 0.0695847429773
114501.94407 0.0823515441487
114257.803445 0.0385917033627
114013.66282 0.0724936581692
113769.522195 0.0376190927275
113525.38157 0.0618920684206
113281.240945 0.00672197421779
113037.10032 0.0740099227142
112792.959695 0.0813255024108
112548.81907 0.0395571391356
112304.678445 0.0268814522645
112060.53782 0.0065339868319
111816.397195 0.0205781178533
111572.25657 0.0458310839077
111328.115945 0.0185909339063
111083.97532 0.0790007927464
110839.834695 0.0632018680445
110595.69407 0.0365758489818
110351.553445 0.0366797571417
110107.41282 0.0673407741054
109863.272195 0.0462315174289
109619.13157 0.084142212227
109374.990945 0.00261130414973
109130.85032 0.0573493175329
108886.709695 0.0136815859658
108642.56907 0.0249938785746
108398.428445 0.0818112456594
108154.28782 0.0379770702387
107910.147195 0.0356096737205
107666.00657 0.0361469292797
107421.865945 0.0448361916594
107177.72532 0.0717507385426
106933.584695 0.0582663724164
106689.44407 0.0423837540567
106445.303445 0.0487065255878
106201.16282 0.0793083357297
105957.022195 0.0540826848195
105712.88157 0.0945703114664
105468.740945 0.0837048117376
105224.60032 0.0438780935493
104980.459695 0.0332991657689
104736.31907 0.0304267669549
104492.178445 0.0164005564673
104248.03782 0.042996921929
104003.897195 0.0661474014227
103759.75657 0.0768817330915
103515.615945 0.0300751449897
103271.47532 0.00157293188454
103027.334695 0.0163258361466
102783.19407 0.117467610681
102539.053445 0.0617925670712
102294.91282 0.0478158708789
102050.772195 0.0791701577822
101806.63157 0.0621004778391
101562.490945 0.0446300667663
101318.35032 0.0484844022512
101074.209695 0.0919466137325
100830.06907 0.0919492110854
100585.928445 0.0573952104293
100341.78782 0.104606228546
100097.647195 0.0896184190371
99853.50657 0.03899821748
99609.365945 0.0465723839753
99365.22532 0.0398463619496
99121.084695 0.0682956235532
98876.94407 0.0213794133107
98632.803445 0.0342226426351
98388.66282 0.0318829657436
98144.522195 0.0564215173151
97900.38157 0.0118911650629
97656.240945 0.0480080838006
97412.10032 0.0616037582737
97167.959695 0.0495956707128
96923.81907 0.209866451686
96679.678445 0.125850484243
96435.53782 0.0509809895933
96191.397195 0.0605025495679
95947.25657 0.0756558892558
95703.115945 0.0448531931296
95458.97532 0.0611830401324
95214.834695 0.0737377552787
94970.69407 0.0369499258689
94726.553445 0.0474253332676
94482.41282 0.0776492443428
94238.272195 0.0207778813638
93994.13157 0.0323840157639
93749.990945 0.0748803965275
93505.85032 0.0237062062374
93261.709695 0.0735518209193
93017.56907 0.0911213643368
92773.428445 0.0629578623668
92529.28782 0.036076447724
92285.147195 0.108518801004
92041.00657 0.0406194530062
91796.865945 0.0487250596299
91552.72532 0.0492293183248
91308.584695 0.0767275978067
91064.44407 0.0391564336323
90820.303445 0.0559060229571
90576.16282 0.0396971917633
90332.022195 0.0347222553753
90087.88157 0.0879832668911
89843.740945 0.0839820667439
89599.60032 0.0733800980773
89355.459695 0.0744969635938
89111.31907 0.0621705596454
88867.178445 0.01247114717
88623.03782 0.0491434438279
88378.897195 0.0686115706603
88134.75657 0.108853033058
87890.615945 0.0663098898969
87646.47532 0.0729844020011
87402.334695 0.0449523467296
87158.19407 0.0184450375654
86914.053445 0.0746815736312
86669.91282 0.0573143693921
86425.772195 0.05626512122
86181.63157 0.116847667071
85937.490945 0.0545164223265
85693.35032 0.0185492930228
85449.209695 0.0107755723585
85205.06907 0.0661715268323
84960.928445 0.0531654294952
84716.78782 0.0561697179725
84472.647195 0.0681565106888
84228.50657 0.135515572432
83984.365945 0.030765096814
83740.22532 0.0415680452558
83496.084695 0.088056057069
83251.94407 0.0772949903226
83007.803445 0.0782355752263
82763.66282 0.0351295065443
82519.522195 0.073498725128
82275.38157 0.0873706623869
82031.240945 0.109309660342
81787.10032 0.0659673357109
81542.959695 0.117715266711
81298.81907 0.0510973527185
81054.678445 0.0596320330844
80810.53782 0.0529217505536
80566.397195 0.0822505780635
80322.25657 0.0504079626913
80078.115945 0.0605505105117
79833.97532 0.0565937498647
79589.834695 0.0690192750419
79345.69407 0.136230087289
79101.553445 0.0461062520078
78857.41282 0.0648823278115
78613.272195 0.0318610083558
78369.13157 0.0838574773331
78124.990945 0.0780857430774
77880.85032 0.0740547182956
77636.709695 0.0502199873955
77392.56907 0.0902137030762
77148.428445 0.0446141226025
76904.28782 0.0719414460094
76660.147195 0.102893215828
76416.00657 0.0794994112713
76171.865945 0.0887043220427
75927.72532 0.0684885659596
75683.584695 0.0535631610531
75439.44407 0.0743180749253
75195.303445 0.0749620942309
74951.16282 0.0702756529125
74707.022195 0.104019971206
74462.88157 0.0775405651811
74218.740945 0.0953444285065
73974.60032 0.0497684999848
73730.459695 0.0552618662823
73486.31907 0.033422031842
73242.178445 0.0995984661184
72998.03782 0.0395303756384
72753.897195 0.056425633274
72509.75657 0.0571859536538
72265.615945 0.0662406141565
72021.47532 0.0939261843115
71777.334695 0.108882748714
71533.19407 0.0801873849559
71289.053445 0.0400069117881
71044.91282 0.0954350472314
70800.772195 0.0711919079525
70556.63157 0.0800825127082
70312.490945 0.0612479781349
70068.35032 0.0987286056022
69824.209695 0.0596677761261
69580.06907 0.0770761883536
69335.928445 0.0699835641904
69091.78782 0.0908972522957
68847.647195 0.105355329582
68603.50657 0.078867844657
68359.365945 0.0858621625561
68115.22532 0.0894081643067
67871.084695 0.0766688074
67626.94407 0.0601002695384
67382.803445 0.0848473662971
67138.66282 0.123856628258
66894.522195 0.0763018132528
66650.38157 0.070759006995
66406.240945 0.0670285585287
66162.10032 0.0817325871113
65917.959695 0.107339203998
65673.81907 0.112614150653
65429.678445 0.106574120189
65185.53782 0.0832286651872
64941.397195 0.0641845369309
64697.25657 0.111253642504
64453.115945 0.0566523930625
64208.97532 0.0582528486532
63964.834695 0.0939914309637
63720.69407 0.0717714213114
63476.553445 0.0928883884818
63232.41282 0.0475912148488
62988.272195 0.105034419108
62744.13157 0.0561953212809
62499.990945 0.135890635681
62255.85032 0.115646892927
62011.709695 0.113162468516
61767.56907 0.0586150305305
61523.428445 0.116114018203
61279.28782 0.0905865358277
61035.147195 0.0934263040164
60791.00657 0.0770837831571
60546.865945 0.0855353795175
60302.72532 0.083482194864
60058.584695 0.0786870690809
59814.44407 0.111143197263
59570.303445 0.0907504659475
59326.16282 0.109070717405
59082.022195 0.111631570467
58837.88157 0.0951597240487
58593.740945 0.0782459849006
58349.60032 0.0756031198006
58105.459695 0.0840246557821
57861.31907 0.103477881558
57617.178445 0.0485449916681
57373.03782 0.0905096290723
57128.897195 0.0813875304969
56884.75657 0.0828437151552
56640.615945 0.11913407282
56396.47532 0.0880792606917
56152.334695 0.0872937936695
55908.19407 0.0852364263341
55664.053445 0.103340418907
55419.91282 0.100568224997
55175.772195 0.112799980183
54931.63157 0.112605961586
54687.490945 0.111018420926
54443.35032 0.106231751863
54199.209695 0.120544795703
53955.06907 0.0760593191732
53710.928445 0.106280442321
53466.78782 0.124640666144
53222.647195 0.0913943991016
52978.50657 0.120718698017
52734.365945 0.136111256278
52490.22532 0.14302803381
52246.084695 0.0482690314002
52001.94407 0.111021137754
51757.803445 0.11323436409
51513.66282 0.117345036364
51269.522195 0.104413184943
51025.38157 0.117711876796
50781.240945 0.12701483458
50537.10032 0.112167231545
50292.959695 0.151918831989
50048.81907 0.111215279243
49804.678445 0.11406999816
49560.53782 0.0718302017965
49316.397195 0.112657106475
49072.25657 0.0880593741279
48828.115945 0.0916784660324
48583.97532 0.11450988472
48339.834695 0.120047954236
48095.69407 0.102486325857
47851.553445 0.0966365440056
47607.41282 0.117477534844
47363.272195 0.121200382745
47119.13157 0.132323312647
46874.990945 0.130622222573
46630.85032 0.125064111867
46386.709695 0.111685277247
46142.56907 0.1147558618
45898.428445 0.144251244852
45654.28782 0.143776668756
45410.147195 0.0996116572941
45166.00657 0.136430693904
44921.865945 0.130707256927
44677.72532 0.103966412763
44433.584695 0.116014161762
44189.44407 0.0945716501422
43945.303445 0.141507174587
43701.16282 0.118033698683
43457.022195 0.135333180853
43212.88157 0.12348449297
42968.740945 0.124390913503
42724.60032 0.123027433015
42480.459695 0.123572827435
42236.31907 0.193444038933
41992.178445 0.113298403511
41748.03782 0.102815959461
41503.897195 0.137511738878
41259.75657 0.146054763002
41015.615945 0.157864759161
40771.47532 0.129988191088
40527.334695 0.152761635917
40283.19407 0.132884795412
40039.053445 0.182329857165
39794.91282 0.132956497155
39550.772195 0.166569878088
39306.63157 0.132460776559
39062.490945 0.140215032137
38818.35032 0.12334446769
38574.209695 0.149228226296
38330.06907 0.12821686231
38085.928445 0.146056709957
37841.78782 0.138817808099
37597.647195 0.129274339936
37353.50657 0.151712570934
37109.365945 0.142455980716
36865.22532 0.163802261026
36621.084695 0.122750223452
36376.94407 0.152344326629
36132.803445 0.170131423725
35888.66282 0.121525056048
35644.522195 0.1628766137
35400.38157 0.114405462245
35156.240945 0.161186160724
34912.10032 0.147878378438
34667.959695 0.145820749366
34423.81907 0.160252816939
34179.678445 0.113167029733
33935.53782 0.147598654337
33691.397195 0.152233249356
33447.25657 0.177024315371
33203.115945 0.171928057675
32958.97532 0.164848834177
32714.834695 0.14125416036
32470.69407 0.172734894424
32226.553445 0.181154549762
31982.41282 0.160916820694
31738.272195 0.15679085582
31494.13157 0.156389840549
31249.990945 0.192096341501
31005.85032 0.154332451169
30761.709695 0.195870550805
30517.56907 0.179042826986
30273.428445 0.150311018751
30029.28782 0.187212790386
29785.147195 0.1529835582
29541.00657 0.206603648964
29296.865945 0.195980259076
29052.72532 0.200423539804
28808.584695 0.174230910095
28564.44407 0.185820841048
28320.303445 0.171762450697
28076.16282 0.208661598863
27832.022195 0.182436060828
27587.88157 0.197442095011
27343.740945 0.178293397512
27099.60032 0.180880985866
26855.459695 0.174008553073
26611.31907 0.22030124314
26367.178445 0.166279864094
26123.03782 0.196308204187
25878.897195 0.197200987292
25634.75657 0.236111655892
25390.615945 0.185713761167
25146.47532 0.20302047524
24902.334695 0.210105866835
24658.19407 0.238476575949
24414.053445 0.227809940181
24169.91282 0.188348393048
23925.772195 0.278544037287
23681.63157 0.250046713722
23437.490945 0.214666515339
23193.35032 0.178689648589
22949.209695 0.19313652536
22705.06907 0.236679477737
22460.928445 0.229221100719
22216.78782 0.219479994089
21972.647195 0.276616884216
21728.50657 0.260262398027
21484.365945 0.252222248225
21240.22532 0.234088744353
20996.084695 0.272421936964
20751.94407 0.235320223214
20507.803445 0.277717005761
20263.66282 0.267340941102
20019.522195 0.258218848239
19775.38157 0.268328519643
19531.240945 0.257698069627
19287.10032 0.298012104007
19042.959695 0.257667635695
18798.81907 0.277726926024
18554.678445 0.285513941411
18310.53782 0.280457995641
18066.397195 0.284007655793
17822.25657 0.271368838382
17578.115945 0.315698345207
17333.97532 0.318218520102
17089.834695 0.322560052131
16845.69407 0.295151222787
16601.553445 0.328741460888
16357.41282 0.339096047697
16113.272195 0.306478810374
15869.13157 0.332972134547
15624.990945 0.290534935317
15380.85032 0.337627927788
15136.709695 0.320981494652
14892.56907 0.334964731838
14648.428445 0.332965910781
14404.28782 0.320380136609
14160.147195 0.3462033418
13916.00657 0.365432075418
13671.865945 0.35004417979
13427.72532 0.357367501352
13183.584695 0.387016300825
12939.44407 0.378086345205
12695.303445 0.388981325113
12451.16282 0.436486148112
12207.022195 0.419860589088
11962.88157 0.43227882636
11718.740945 0.417121683182
11474.60032 0.441019801494
11230.459695 0.440627095946
10986.31907 0.450256968248
10742.178445 0.47812466107
10498.03782 0.442546517974
10253.897195 0.464410639529
10009.75657 0.471453862623
9765.615945 0.48593877205
9521.47532 0.475220765141
9277.334695 0.492681913036
9033.19407 0.51195060642
8789.053445 0.574778126741
8544.91282 0.538118297481
8300.772195 0.55515725907
8056.63157 0.534250148464
7812.490945 0.553120106505
7568.35032 0.585694539242
7324.209695 0.583591909338
7080.06907 0.596472847193
6835.928445 0.616916684811
6591.78782 0.655559617579
6347.647195 0.666761743507
6103.50657 0.645464248608
5859.365945 0.628088345145
5615.22532 0.675092247648
5371.084695 0.695903923764
5126.94407 0.680228249078
4882.803445 0.752134554302
4638.66282 0.720771882041
4394.522195 0.774836578215
4150.38157 0.755198670044
3906.240945 0.788867440768
3662.10032 0.810096501818
3417.959695 0.827563096916
3173.81907 0.916850734879
2929.678445 0.897084310124
2685.53782 0.877538961992
2441.397195 0.862682671381
2197.25657 0.932396538401
1953.115945 0.916867843188
1708.97532 0.968446824346
1464.834695 0.995771971052
1220.69407 0.937412536538
976.553445 0.938034656163
732.41282 0.964373815466
488.272195 0.939161544234
244.13157 0.97059225753
-0.009055 0.955968141028
-244.14968 0.989736752801
-488.290305 0.946369241216
-732.43093 1.0
-976.571555 0.92900468989
-1220.71218 0.964439846525
-1464.852805 0.943434918327
-1708.99343 0.947246362511
-1953.134055 0.898897464078
-2197.27468 0.915118756448
-2441.415305 0.87509811519
-2685.55593 0.84974110787
-2929.696555 0.899985192989
-3173.83718 0.882435413042
-3417.977805 0.844084430756
-3662.11843 0.823329845564
-3906.259055 0.797514943069
-4150.39968 0.799445814191
-4394.540305 0.772111015422
-4638.68093 0.741173727718
-4882.821555 0.729998884563
-5126.96218 0.766537679582
-5371.102805 0.683847426292
-5615.24343 0.691121973368
-5859.384055 0.661440316243
-6103.52468 0.680765032771
-6347.665305 0.631465796451
-6591.80593 0.628573413692
-6835.946555 0.617554426897
-7080.08718 0.608381586261
-7324.227805 0.571352595636
-7568.36843 0.594627717524
-7812.509055 0.585297637191
-8056.64968 0.569828179614
-8300.790305 0.521124840174
-8544.93093 0.560973738971
-8789.071555 0.51154052311
-9033.21218 0.480042787535
-9277.352805 0.489792331278
-9521.49343 0.488452544684
-9765.634055 0.470447218731
-10009.77468 0.48975015784
-10253.915305 0.444875927777
-10498.05593 0.442877198414
-10742.196555 0.430576222319
-10986.33718 0.506842922463
-11230.477805 0.423779513884
-11474.61843 0.400871333565
-11718.759055 0.398405878455
-11962.89968 0.435238552489
-12207.040305 0.386578253538
-12451.18093 0.380055534286
-12695.321555 0.374862812473
-12939.46218 0.411693442554
-13183.602805 0.378438028759
-13427.74343 0.347970091344
-13671.884055 0.387332329532
-13916.02468 0.364011380009
-14160.165305 0.331822341844
-14404.30593 0.356439884923
-14648.446555 0.322028559039
-14892.58718 0.352312585077
-15136.727805 0.36157010641
-15380.86843 0.341658764442
-15625.009055 0.326081661375
-15869.14968 0.324507635418
-16113.290305 0.329600969552
-16357.43093 0.287002135566
-16601.571555 0.324575841501
-16845.71218 0.309092131989
-17089.852805 0.307320789568
-17333.99343 0.294462973575
-17578.134055 0.308810545783
-17822.27468 0.282742514143
-18066.415305 0.282408669765
-18310.55593 0.292696352346
-18554.696555 0.306678795219
-18798.83718 0.31413711424
-19042.977805 0.269170610074
-19287.11843 0.281963681978
-19531.259055 0.284164410866
-19775.39968 0.281441653951
-20019.540305 0.257244820037
-20263.68093 0.28934916496
-20507.821555 0.288148727115
-20751.96218 0.258819328941
-20996.102805 0.27630358577
-21240.24343 0.228436827879
-21484.384055 0.231503586345
-21728.52468 0.258544303131
-21972.665305 0.226629088668
-22216.80593 0.226278913718
-22460.946555 0.23114197047
-22705.08718 0.204609578499
-22949.227805 0.208344196749
-23193.36843 0.24157320022
-23437.509055 0.230999470224
-23681.64968 0.240449834598
-23925.790305 0.238290643521
-24169.93093 0.242460783291
-24414.071555 0.243513984318
-24658.21218 0.188726418186
-24902.352805 0.193151005395
-25146.49343 0.204382239769
-25390.634055 0.219109951405
-25634.77468 0.199704016214
-25878.915305 0.218848967713
-26123.05593 0.200911808374
-26367.196555 0.233017344061
-26611.33718 0.249292800112
-26855.477805 0.199975944853
-27099.61843 0.199857126553
-27343.759055 0.186224465556
-27587.89968 0.222669958768
-27832.040305 0.202145843543
-28076.18093 0.211039445095
-28320.321555 0.160428508248
-28564.46218 0.205576833986
-28808.602805 0.177632437318
-29052.74343 0.173778205662
-29296.884055 0.13815858867
-29541.02468 0.196789560485
-29785.165305 0.172902787658
-30029.30593 0.175510587232
-30273.446555 0.170878168408
-30517.58718 0.178332482922
-30761.727805 0.156332813124
-31005.86843 0.152512254008
-31250.009055 0.153032301758
-31494.14968 0.201613639016
-31738.290305 0.209370796556
-31982.43093 0.13485126148
-32226.571555 0.183376213516
-32470.71218 0.181410229095
-32714.852805 0.205359424567
-32958.99343 0.137279720665
-33203.134055 0.182729144992
-33447.27468 0.14200391656
-33691.415305 0.152611188498
-33935.55593 0.149975818833
-34179.696555 0.136052947205
-34423.83718 0.18766912229
-34667.977805 0.176898658941
-34912.11843 0.13907663968
-35156.259055 0.177210085026
-35400.39968 0.135971870712
-35644.540305 0.130131350662
-35888.68093 0.143524077934
-36132.821555 0.169136975826
-36376.96218 0.138769106097
-36621.102805 0.131634664071
-36865.24343 0.147644862074
-37109.384055 0.158080273713
-37353.52468 0.156590189794
-37597.665305 0.177205519904
-37841.80593 0.113382063956
-38085.946555 0.187269589554
-38330.08718 0.153995999261
-38574.227805 0.170589206365
-38818.36843 0.138624351923
-39062.509055 0.145244355174
-39306.64968 0.157603170554
-39550.790305 0.122692316004
-39794.93093 0.141465780371
-40039.071555 0.159547289438
-40283.21218 0.139865828901
-40527.352805 0.0932972061786
-40771.49343 0.130383205935
-41015.634055 0.1397636708
-41259.77468 0.169448488748
-41503.915305 0.116452479595
-41748.05593 0.105565616919
-41992.196555 0.129304770955
-42236.33718 0.14155388436
-42480.477805 0.121636997654
-42724.61843 0.109927539526
-42968.759055 0.136629635358
-43212.89968 0.121238107557
-43457.040305 0.105174992716
-43701.18093 0.125593474541
-43945.321555 0.131655022927
-44189.46218 0.129191290482
-44433.602805 0.129428671746
-44677.74343 0.131173444405
-44921.884055 0.131892165572
-45166.02468 0.105117631773
-45410.165305 0.0938340891039
-45654.30593 0.0917907809652
-45898.446555 0.0760926153253
-46142.58718 0.096857260826
-46386.727805 0.1330170505
-46630.86843 0.130622849125
-46875.009055 0.11574623248
-47119.14968 0.12521988486
-47363.290305 0.0973760714787
-47607.43093 0.119443827562
-47851.571555 0.126694519456
-48095.71218 0.135018299897
-48339.852805 0.146959977186
-48583.99343 0.141309234707
-48828.134055 0.129662091517
-49072.27468 0.139600410601
-49316.415305 0.138182982985
-49560.55593 0.082695404226
-49804.696555 0.0711894850987
-50048.83718 0.0938356853719
-50292.977805 0.0984803073129
-50537.11843 0.110251506855
-50781.259055 0.0836834954472
-51025.39968 0.0718062886692
-51269.540305 0.0868217449782
-51513.68093 0.111238213579
-51757.821555 0.0870872563907
-52001.96218 0.0892512117693
-52246.102805 0.122630404241
-52490.24343 0.0883021932544
-52734.384055 0.0869298917302
-52978.52468 0.126924994569
-53222.665305 0.0888159860554
-53466.80593 0.105809357948
-53710.946555 0.116604466278
-53955.08718 0.0850988012293
-54199.227805 0.0879799355799
-54443.36843 0.0847113451294
-54687.509055 0.093494743505
-54931.64968 0.103369249248
-55175.790305 0.0884286774172
-55419.93093 0.0538969197965
-55664.071555 0.0896241823204
-55908.21218 0.0786751707679
-56152.352805 0.101308859386
-56396.49343 0.0992733272288
-56640.634055 0.102149842276
-56884.77468 0.0810402575596
-57128.915305 0.0757103995742
-57373.05593 0.0938542946631
-57617.196555 0.0705577397882
-57861.33718 0.111231817979
-58105.477805 0.151976640193
-58349.61843 0.102776460833
-58593.759055 0.107274653673
-58837.89968 0.165832256735
-59082.040305 0.0728763044196
-59326.18093 0.101980339551
-59570.321555 0.0866125862607
-59814.46218 0.0705585290936
-60058.602805 0.109230877316
-60302.74343 0.0928620947448
-60546.884055 0.108869566036
-60791.02468 0.0609107840914
-61035.165305 0.0708567811946
-61279.30593 0.116384882119
-61523.446555 0.0582130337495
-61767.58718 0.0842309356136
-62011.727805 0.0980433797799
-62255.86843 0.0750480517328
-62500.009055 0.129475923926
-62744.14968 0.026026543317
-62988.290305 0.0976335845731
-63232.43093 0.115204381361
-63476.571555 0.126092330286
-63720.71218 0.125396480165
-63964.852805 0.0955772382594
-64208.99343 0.106545344488
-64453.134055 0.0744956859036
-64697.27468 0.098752011375
-64941.415305 0.127393739205
-65185.55593 0.0641596134458
-65429.696555 0.0692856191921
-65673.83718 0.128922312973
-65917.977805 0.111867834861
-66162.11843 0.0485983536131
-66406.259055 0.0694430476701
-66650.39968 0.125536816525
-66894.540305 0.0707895326776
-67138.68093 0.0641772273829
-67382.821555 0.0804377970973
-67626.96218 0.0868594795062
-67871.102805 0.0711565492777
-68115.24343 0.0973573307036
-68359.384055 0.156563537643
-68603.52468 0.343819431611
-68847.665305 0.727641516392
-69091.80593 0.189812850175
-69335.946555 0.167737140832
-69580.08718 0.0979024174289
-69824.227805 0.112346804322
-70068.36843 0.100382354901
-70312.509055 0.115932387365
-70556.64968 0.0997548069199
-70800.790305 0.0879571548876
-71044.93093 0.141723264953
-71289.071555 0.075140651563
-71533.21218 0.0743801208636
-71777.352805 0.0548140332483
-72021.49343 0.0869829407553
-72265.634055 0.0966846114514
-72509.77468 0.0474772973447
-72753.915305 0.0769475706091
-72998.05593 0.068399762895
-73242.196555 0.0708359697964
-73486.33718 0.0932365643527
-73730.477805 0.0796047880366
-73974.61843 0.0627605283376
-74218.759055 0.0259932944564
-74462.89968 0.0925802729354
-74707.040305 0.0974543573039
-74951.18093 0.0853906506837
-75195.321555 0.0941752719677
-75439.46218 0.0816464218805
-75683.602805 0.0288173376488
-75927.74343 0.0333493582622
-76171.884055 0.0991729650218
-76416.02468 0.0521814468486
-76660.165305 0.066175883074
-76904.30593 0.0896824094701
-77148.446555 0.0897995541823
-77392.58718 0.0673599695581
-77636.727805 0.103705417108
-77880.86843 0.0917565194795
-78125.009055 0.0277785052468
-78369.14968 0.0715894177929
-78613.290305 0.0352467130452
-78857.43093 0.0523843017183
-79101.571555 0.0199229724948
-79345.71218 0.0870413269502
-79589.852805 0.0866012252749
-79833.99343 0.0921264524315
-80078.134055 0.0677544171839
-80322.27468 0.0827885623196
-80566.415305 0.076520063866
-80810.55593 0.0849853388474
-81054.696555 0.0440330254348
-81298.83718 0.0652979159194
-81542.977805 0.0376183733401
-81787.11843 0.0642487813301
-82031.259055 0.0685469785206
-82275.39968 0.10963546821
-82519.540305 0.0759582313583
-82763.68093 0.067715028423
-83007.821555 0.0511440883008
-83251.96218 0.0475053400048
-83496.102805 0.0657637925023
-83740.24343 0.102735555931
-83984.384055 0.0482467958517
-84228.52468 0.0639307832208
-84472.665305 0.0436770614495
-84716.80593 0.089638246867
-84960.946555 0.0431053192494
-85205.08718 0.0608487231533
-85449.227805 0.0702309902538
-85693.36843 0.0791499682821
-85937.509055 0.0279681083763
-86181.64968 0.0426621521708
-86425.790305 0.0738917403566
-86669.93093 0.0420364295193
-86914.071555 0.0695919319522
-87158.21218 0.0726434829714
-87402.352805 0.0306630609967
-87646.49343 0.0217790584408
-87890.634055 0.0463111925166
-88134.77468 0.0526052588103
-88378.915305 0.0419412378453
-88623.05593 0.0310528946917
-88867.196555 0.044751762659
-89111.33718 0.0497368390956
-89355.477805 0.0424564822923
-89599.61843 0.0782620947786
-89843.759055 0.0935451068084
-90087.89968 0.0562419878061
-90332.040305 0.096799551696
-90576.18093 0.0559174164192
-90820.321555 0.0782690102535
-91064.46218 0.0538691518285
-91308.602805 0.0191343953424
-91552.74343 0.0280192652078
-91796.884055 0.0783893470932
-92041.02468 0.0354592877697
-92285.165305 0.0859528791703
-92529.30593 0.0683463889937
-92773.446555 0.0198581563304
-93017.58718 0.111276200817
-93261.727805 0.035744350655
-93505.86843 0.0764184804407
-93750.009055 0.0721959587236
-93994.14968 0.0480492848452
-94238.290305 0.0667760155906
-94482.43093 0.0725618634472
-94726.571555 0.0855734955321
-94970.71218 0.119787798144
-95214.852805 0.0412999098628
-95458.99343 0.0263689416341
-95703.134055 0.0815189550267
-95947.27468 0.0640750583133
-96191.415305 0.0579473366261
-96435.55593 0.0939667643809
-96679.696555 0.0728974757843
-96923.83718 0.0402948234403
-97167.977805 0.0768770019864
-97412.11843 0.0448544238241
-97656.259055 0.0779261303842
-97900.39968 0.0540255291724
-98144.540305 0.0221095176746
-98388.68093 0.0323241415461
-98632.821555 0.0452604730147
-98876.96218 0.0226243198717
-99121.102805 0.0546395746047
-99365.24343 0.0665443147853
-99609.384055 0.038697703075
-99853.52468 0.043267774855
-100097.665305 0.054289971346
-100341.80593 0.0861195018419
-100585.946555 0.00416046005583
-100830.08718 0.0629691685969
-101074.227805 0.0399166007124
-101318.36843 0.0292111086625
-101562.509055 0.0435671491412
-101806.64968 0.0470064913756
-102050.790305 0.0597404895582
-102294.93093 0.106364779301
-102539.071555 0.0577565796797
-102783.21218 0.0781507873636
-103027.352805 0.1740096766
-103271.49343 0.120690149496
-103515.634055 0.0802077652721
-103759.77468 0.0374076096878
-104003.915305 0.0305738444987
-104248.05593 0.0593313410158
-104492.196555 0.0388783117193
-104736.33718 0.071375796218
-104980.477805 0.0866278222718
-105224.61843 0.0637648167116
-105468.759055 0.0486327155162
-105712.89968 0.0812207988377
-105957.040305 0.0515909624568
-106201.18093 0.0423902142848
-106445.321555 0.0454408854266
-106689.46218 0.0363530376734
-106933.602805 0.0417259770366
-107177.74343 0.0808015297001
-107421.884055 0.0728968091864
-107666.02468 0.0765956908573
-107910.165305 0.0715516503394
-108154.30593 0.0673417843734
-108398.446555 0.0295218000111
-108642.58718 0.0205848759223
-108886.727805 0.0677041644319
-109130.86843 0.0120948392258
-109375.009055 0.0288313242607
-109619.14968 0.0658067301986
-109863.290305 0.0610453197727
-110107.43093 0.0764309006806
-110351.571555 0.0642912900415
-110595.71218 0.0600984301367
-110839.852805 0.0858990238827
-111083.99343 0.0582180985512
-111328.134055 0.0492692189086
-111572.27468 0.0573066809089
-111816.415305 0.0506045772965
-112060.55593 0.0718541324436
-112304.696555 0.103597691753
-112548.83718 0.0741654419225
-112792.977805 0.0801928008909
-113037.11843 0.026320113178
-113281.259055 0.0173158577443
-113525.39968 0.0196016449672
-113769.540305 0.0635615086351
-114013.68093 0.0679434951253
-114257.821555 0.0514610331027
-114501.96218 0.0710353687729
-114746.102805 0.0558816234787
-114990.24343 0.0923359316636
-115234.384055 0.0937809195224
-115478.52468 0.0296582248768
-115722.665305 0.0270588812463
-115966.80593 0.0601934428897
-116210.946555 0.0396615131886
-116455.08718 0.0399347312051
-116699.227805 0.0306445473902
-116943.36843 0.0634926864779
-117187.509055 0.0498485596038
-117431.64968 0.0645275021347
-117675.790305 0.0621282696714
-117919.93093 0.0671843056108
-118164.071555 0.0402474613729
-118408.21218 0.0709901567265
-118652.352805 0.0449230860659
-118896.49343 0.00668121246227
-119140.634055 0.0593053060901
-119384.77468 0.0183657198854
-119628.915305 0.0522253133403
-119873.05593 0.0748354554809
-120117.196555 0.0583777445375
-120361.33718 0.0471985667346
-120605.477805 0.0533974578758
-120849.61843 0.0953963755374
-121093.759055 0.0570952655661
-121337.89968 0.0267132863215
-121582.040305 0.0519772945724
-121826.18093 0.070401139848
-122070.321555 0.0601291529336
-122314.46218 0.0387123777074
-122558.602805 0.0709475725689
-122802.74343 0.0638670932926
-123046.884055 0.0685971603956
-123291.02468 0.00640204743073
-123535.165305 0.0411691960115
-123779.30593 0.0608041571682
-124023.446555 0.0891452108438
-124267.58718 0.06524368568
-124511.727805 0.0706732381865
-124755.86843 0.031459463178
-125000.009055 0.0722593153442
-125244.14968 0.025405985998
-125488.290305 0.0572252814747
-125732.43093 0.0395249569917
-125976.571555 0.0452259105184
-126220.71218 0.0234522213096
-126464.852805 0.0293368247394
-126708.99343 0.0602515731502
-126953.134055 0.0965501313923
-127197.27468 0.0786299015804
-127441.415305 0.0319643926991
-127685.55593 0.0510355660321
-127929.696555 0.0335250486964
-128173.83718 0.0622243529022
-128417.977805 0.0255699857458
-128662.11843 0.0279185313026
-128906.259055 0.0162267728567
-129150.39968 0.0286321696698
-129394.540305 0.0371891035426
-129638.68093 0.0346381121969
-129882.821555 0.0160893925302
-130126.96218 0.0387944048159
-130371.102805 0.0615258327892
-130615.24343 0.0769705192078
-130859.384055 0.0531399268532
-131103.52468 0.0282937394217
-131347.665305 0.020177095248
-131591.80593 0.0980330944869
-131835.946555 0.0966214623214
-132080.08718 0.0459987283509
-132324.227805 0.0702884913537
-132568.36843 0.0703680746323
-132812.509055 0.0266229735062
-133056.64968 0.0702615643047
-133300.790305 0.061034423922
-133544.93093 0.0290824664548
-133789.071555 0.0789142376389
-134033.21218 0.0470409982678
-134277.352805 0.0274376564862
-134521.49343 0.0403031464991
-134765.634055 0.0409080786397
-135009.77468 0.0549247180646
-135253.915305 0.0357330835631
-135498.05593 0.0519540128528
-135742.196555 0.0754194919623
-135986.33718 0.0524019359808
-136230.477805 0.0206709511963
-136474.61843 0.0279082423521
-136718.759055 0.0320928080039
-136962.89968 0.0147715807154
-137207.040305 0.0508664828686
-137451.18093 0.0249985117625
-137695.321555 0.0488189746339
-137939.46218 0.019031229248
-138183.602805 0.0272173360227
-138427.74343 0.03860855842
-138671.884055 0.0563840069884
-138916.02468 0.0372312943468
-139160.165305 0.0570216073792
-139404.30593 0.0648260741539
-139648.446555 0.064097130992
-139892.58718 0.0323598370208
-140136.727805 0.0588232639742
-140380.86843 0.0337821134429
-140625.009055 0.0856609591598
-140869.14968 0.0628180777514
-141113.290305 0.0624644053896
-141357.43093 0.0388080380802
-141601.571555 0.02487108124
-141845.71218 0.0347317260687
-142089.852805 0.0474931387375
-142333.99343 0.0190824183318
-142578.134055 0.0478874800945
-142822.27468 0.046337813668
-143066.415305 0.0539478117884
-143310.55593 0.0150070395329
-143554.696555 0.0629193965393
-143798.83718 0.0552326248136
-144042.977805 0.0303592652526
-144287.11843 0.0324159038137
-144531.259055 0.0541382120395
-144775.39968 0.0569157887574
-145019.540305 0.0144595458002
-145263.68093 0.0783526910737
-145507.821555 0.0305273605197
-145751.96218 0.0531615259152
-145996.102805 0.0714549583669
-146240.24343 0.0264248551304
-146484.384055 0.024259894506
-146728.52468 0.0333433649175
-146972.665305 0.00826174756003
-147216.80593 0.073452674696
-147460.946555 0.031343330072
-147705.08718 0.0120094128354
-147949.227805 0.0153907420335
-148193.36843 0.047488947304
-148437.509055 0.0384046929001
-148681.64968 0.0629496338168
-148925.790305 0.0194526166017
-149169.93093 0.0244601388169
-149414.071555 0.0195064226357
-149658.21218 0.0330943331417
-149902.352805 0.0647927923974
-150146.49343 0.0425028791052
-150390.634055 0.040095087459
-150634.77468 0.0413643807054
-150878.915305 0.0328563822074
-151123.05593 0.0555756441664
-151367.196555 0.0712271820406
-151611.33718 0.00476298441541
-151855.477805 0.0469981976401
-152099.61843 0.0450666947458
-152343.759055 0.0246000357286
-152587.89968 0.0215221223855
-152832.040305 0.0505873044236
-153076.18093 0.037200042708
-153320.321555 0.00487392191806
-153564.46218 0.0517982692159
-153808.602805 0.0309395936877
-154052.74343 0.0289589697493
-154296.884055 0.0337395688926
-154541.02468 0.0268428284979
-154785.165305 0.00339965859975
-155029.30593 0.0308254016833
-155273.446555 0.0434779282053
-155517.58718 0.0681460336045
-155761.727805 0.0304713433395
-156005.86843 0.0507655667131
-156250.009055 0.0558056542803
-156494.14968 0.0443765180701
-156738.290305 0.0458338317627
-156982.43093 0.0485025514016
-157226.571555 0.0933467592892
-157470.71218 0.0579898013047
-157714.852805 0.0292681668475
-157958.99343 0.0487992257368
-158203.134055 0.0219935951956
-158447.27468 0.0511311058437
-158691.415305 0.0246924036176
-158935.55593 0.0232373340059
-159179.696555 0.0159467716692
-159423.83718 0.0244767428882
-159667.977805 0.0232425698424
-159912.11843 0.016163832018
-160156.259055 0.0514747781072
-160400.39968 0.0429189671925
-160644.540305 0.0136973913361
-160888.68093 0.0479169551873
-161132.821555 0.0305135894778
-161376.96218 0.0160743101408
-161621.102805 0.0499494871621
-161865.24343 0.027116711609
-162109.384055 0.00193690000838
-162353.52468 0.0221020877462
-162597.665305 0.0241364774889
-162841.80593 0.0257628523512
-163085.946555 0.0397433170065
-163330.08718 0.0243302719711
-163574.227805 0.0419544226368
-163818.36843 0.0268347758254
-164062.509055 0.0160090161416
-164306.64968 0.0635286686085
-164550.790305 0.0301816196091
-164794.93093 0.034058572951
-165039.071555 0.00410514724481
-165283.21218 0.041527225415
-165527.352805 0.0310142242852
-165771.49343 0.0733909656901
-166015.634055 0.0345152102118
-166259.77468 0.0347502661881
-166503.915305 0.0217314869778
-166748.05593 0.0636503929722
-166992.196555 0.0701873367111
-167236.33718 0.0376685709306
-167480.477805 0.0170034981508
-167724.61843 0.0283962620304
-167968.759055 0.0354146555443
-168212.89968 0.0255468107207
-168457.040305 0.0278832586813
-168701.18093 0.0268294878538
-168945.321555 0.0322132638697
-169189.46218 0.0385076011159
-169433.602805 0.0263740389362
-169677.74343 0.029004691087
-169921.884055 0.0415624498176
-170166.02468 0.0648840326159
-170410.165305 0.0587142279112
-170654.30593 0.0565084289615
-170898.446555 0.0542170988092
-171142.58718 0.0401719474278
-171386.727805 0.0409921695266
-171630.86843 0.0329949744294
-171875.009055 0.0256802105704
-172119.14968 0.0234175593832
-172363.290305 0.0157108538632
-172607.43093 0.0134157373263
-172851.571555 0.0435559132874
-173095.71218 0.0345224976602
-173339.852805 0.0645650226485
-173583.99343 0.0404770640693
-173828.134055 0.00685688751382
-174072.27468 0.0244477650794
-174316.415305 0.0216013477406
-174560.55593 0.00843578014532
-174804.696555 0.0360752298182
-175048.83718 0.0338427256193
-175292.977805 0.0200992978004
-175537.11843 0.0444379557312
-175781.259055 0.0201181741743
-176025.39968 0.0437898495696
-176269.540305 0.0156953257
-176513.68093 0.00613208806927
-176757.821555 0.011525828305
-177001.96218 0.0320021428956
-177246.102805 0.0445896766451
-177490.24343 0.0197642806321
-177734.384055 0.0123565243017
-177978.52468 0.0559913906606
-178222.665305 0.0240293211684
-178466.80593 0.0485160942902
-178710.946555 0.0421344168631
-178955.08718 0.0198852870003
-179199.227805 0.0217566975138
-179443.36843 0.0403832257604
-179687.509055 0.0235801560108
-179931.64968 0.0608138720977
-180175.790305 0.0426045995285
-180419.93093 0.0200455323519
-180664.071555 0.0288250250703
-180908.21218 0.0254265275078
-181152.352805 0.0321587536079
-181396.49343 0.0346971489657
-181640.634055 0.0309648669868
-181884.77468 0.0359929886473
-182128.915305 0.0572891823956
-182373.05593 0.0415196104814
-182617.196555 0.0544821916837
-182861.33718 0.0334849550687
-183105.477805 0.0396093350379
-183349.61843 0.0123441653633
-183593.759055 0.0286648404633
-183837.89968 0.0365436253452
-184082.040305 0.0525622535667
-184326.18093 0.0464901781408
-184570.321555 0.0531395724578
-184814.46218 0.0344810868404
-185058.602805 0.0449837559608
-185302.74343 0.0376298798426
-185546.884055 0.0155072285056
-185791.02468 0.0384717011772
-186035.165305 0.0185817642504
-186279.30593 0.0314132828002
-186523.446555 0.0263845932119
-186767.58718 0.0287188592462
-187011.727805 0.0162987009056
-187255.86843 0.0521859482536
-187500.009055 0.0389189075638
-187744.14968 0.02135010526
-187988.290305 0.0499530122818
-188232.43093 0.0414791465194
-188476.571555 0.0245213978007
-188720.71218 0.0365004413756
-188964.852805 0.01594719161
-189208.99343 0.0412981057764
-189453.134055 0.00650993448128
-189697.27468 0.0167202038535
-189941.415305 0.0319568629877
-190185.55593 0.0359034507021
-190429.696555 0.0102498257437
-190673.83718 0.0456423587073
-190917.977805 0.0287500740281
-191162.11843 0.0471720549118
-191406.259055 0.0326908895741
-191650.39968 0.0380366101262
-191894.540305 0.0431096613878
-192138.68093 0.0318436349284
-192382.821555 0.0369142066985
-192626.96218 0.0205331255932
-192871.102805 0.0570997888713
-193115.24343 0.0242838140323
-193359.384055 0.0131707113907
-193603.52468 0.0431821582436
-193847.665305 0.0341788453635
-194091.80593 0.0238259110581
-194335.946555 0.0522752919491
-194580.08718 0.0352304973442
-194824.227805 0.0372341402288
-195068.36843 0.0313605577916
-195312.509055 0.019854948258
-195556.64968 0.0256643603284
-195800.790305 0.0650840657921
-196044.93093 0.0294923386018
-196289.071555 0.0290727976772
-196533.21218 0.106284669684
-196777.352805 0.0608569938094
-197021.49343 0.00823846225466
-197265.634055 0.037358189083
-197509.77468 0.0468235605572
-197753.915305 0.0343459815888
-197998.05593 0.0554744792202
-198242.196555 0.0447513420414
-198486.33718 0.0337195061337
-198730.477805 0.0508415103377
-198974.61843 0.00669861076611
-199218.759055 0.0219779142734
-199462.89968 0.0325117860168
-199707.040305 0.0331948778491
-199951.18093 0.0386217157489
-200195.321555 0.0253420427575
-200439.46218 0.0285044433506
-200683.602805 0.0268302769975
-200927.74343 0.0189430673639
-201171.884055 0.0145002160847
-201416.02468 0.0341595847118
-201660.165305 0.0735786198398
-201904.30593 0.0373447711329
-202148.446555 0.0333039614321
-202392.58718 0.0533580165967
-202636.727805 0.0239578456746
-202880.86843 0.0250366813257
-203125.009055 0.0488906222363
-203369.14968 0.028471129772
-203613.290305 0.0118345147524
-203857.43093 0.0079425958185
-204101.571555 0.0450287786054
-204345.71218 0.0278845402653
-204589.852805 0.0033529010511
-204833.99343 0.0105860249332
-205078.134055 0.041378391342
-205322.27468 0.0221506246763
-205566.415305 0.0496864869062
-205810.55593 0.00752932622214
-206054.696555 0.0273207719987
-206298.83718 0.0351769978238
-206542.977805 0.0539720688701
-206787.11843 0.0292482390773
-207031.259055 0.0426011289586
-207275.39968 0.0721197670794
-207519.540305 0.0602018131329
-207763.68093 0.0480518367634
-208007.821555 0.0556559987239
-208251.96218 0.0193222366827
-208496.102805 0.0147676862246
-208740.24343 0.0265518668543
-208984.384055 0.0126129433441
-209228.52468 0.0111209888531
-209472.665305 0.0236158399365
-209716.80593 0.0214820364158
-209960.946555 0.0412439649761
-210205.08718 0.0375085935172
-210449.227805 0.0648404199556
-210693.36843 0.0245854434899
-210937.509055 0.0192023086009
-211181.64968 0.0400114178804
-211425.790305 0.0311969966454
-211669.93093 0.00544585229814
-211914.071555 0.0306165519079
-212158.21218 0.0284754803932
-212402.352805 0.0431852648086
-212646.49343 0.0301869942877
-212890.634055 0.0346152297052
-213134.77468 0.0220893766197
-213378.915305 0.04856383489
-213623.05593 0.0402617007833
-213867.196555 0.0695430072911
-214111.33718 0.0605862143883
-214355.477805 0.00915863944887
-214599.61843 0.0223365126086
-214843.759055 0.0390493982169
-215087.89968 0.0182130687265
-215332.040305 0.0244688045299
-215576.18093 0.0209661595718
-215820.321555 0.0626375463338
-216064.46218 0.02751417284
-216308.602805 0.0274330868532
-216552.74343 0.0459513306845
-216796.884055 0.0322700470781
-217041.02468 0.0359423368152
-217285.165305 0.0151190628707
-217529.30593 0.0207028887615
-217773.446555 0.0199652239508
-218017.58718 0.0311578245986
-218261.727805 0.00994256875919
-218505.86843 0.00260834478706
-218750.009055 0.0213512217545
-218994.14968 0.020509758343
-219238.290305 0.0240596428848
-219482.43093 0.0460793414365
-219726.571555 0.0402968303104
-219970.71218 0.00726775580508
-220214.852805 0.0315007924982
-220458.99343 0.0155011289995
-220703.134055 0.0533956739536
-220947.27468 0.0244690927081
-221191.415305 0.0138382553926
-221435.55593 0.036679562089
-221679.696555 0.017687301558
-221923.83718 0.0342294588832
-222167.977805 0.0312934356954
-222412.11843 0.0019426823156
-222656.259055 0.0133439525532
-222900.39968 0.0272411498589
-223144.540305 0.0166767861164
-223388.68093 0.0259702061552
-223632.821555 0.026059711735
-223876.96218 0.0598721973977
-224121.102805 0.0478265641107
-224365.24343 0.0399013012046
-224609.384055 0.0101102816463
-224853.52468 0.0106222850621
-225097.665305 0.0561932283652
-225341.80593 0.0573141051819
-225585.946555 0.00750581659047
-225830.08718 0.0246506531003
-226074.227805 0.0343140622955
-226318.36843 0.0413539931082
-226562.509055 0.0347298534084
-226806.64968 0.0202988751304
-227050.790305 0.023932115503
-227294.93093 0.0466105805732
-227539.071555 0.0305350978569
-227783.21218 0.0363399225309
-228027.352805 0.0261601477881
-228271.49343 0.0628001003481
-228515.634055 0.0339115054463
-228759.77468 0.0197383799784
-229003.915305 0.0604095000995
-229248.05593 0.0596545467635
-229492.196555 0.0264654473691
-229736.33718 0.033885975744
-229980.477805 0.0285651516991
-230224.61843 0.039997594925
-230468.759055 0.0241352553085
-230712.89968 0.0311339560267
-230957.040305 0.0446890567336
-231201.18093 0.0593503929613
-231445.321555 0.0118084502555
-231689.46218 0.0184878581238
-231933.602805 0.0141343592736
-232177.74343 0.00737576495926
-232421.884055 0.0155946276965
-232666.02468 0.0254944941477
-232910.165305 0.00892853389427
-233154.30593 0.0132316214239
-233398.446555 0.026688674091
-233642.58718 0.042445405795
-233886.727805 0.0391139818438
-234130.86843 0.0547215020955
-234375.009055 0.00930059991759
-234619.14968 0.0389902102228
-234863.290305 0.0390999486007
-235107.43093 0.0404226844937
-235351.571555 0.0392345858961
-235595.71218 0.02250952666
-235839.852805 0.0320228476649
-236083.99343 0.0244572021406
-236328.134055 0.0165688584091
-236572.27468 0.0203676342267
-236816.415305 0.0179082197022
-237060.55593 0.00681727203338
-237304.696555 0.0139256022677
-237548.83718 0.0205737610585
-237792.977805 0.0237729883056
-238037.11843 0.0207995417988
-238281.259055 0.0342007401248
-238525.39968 0.0368134888094
-238769.540305 0.0288940407112
-239013.68093 0.0374609561651
-239257.821555 0.0377099673654
-239501.96218 0.0176168405792
-239746.102805 0.0419603946182
-239990.24343 0.0217471043448
-240234.384055 0.0204810749722
-240478.52468 0.0100433419529
-240722.665305 0.0390761700619
-240966.80593 0.0277886680287
-241210.946555 0.0364962123535
-241455.08718 0.0209860207215
-241699.227805 0.0333330143856
-241943.36843 0.0356274342443
-242187.509055 0.0538433486474
-242431.64968 0.0232655754
-242675.790305 0.0309691316229
-242919.93093 0.0227502501677
-243164.071555 0.0254512901864
-243408.21218 0.0165361977511
-243652.352805 0.0161841369799
-243896.49343 0.0513650442947
-244140.634055 0.0270169418637
-244384.77468 0.0171333641071
-244628.915305 0.0450555254407
-244873.05593 0.0336289281532
-245117.196555 0.0129335732801
-245361.33718 0.0278428109782
-245605.477805 0.0244962833149
-245849.61843 0.0512452836746
-246093.759055 0.00248643077714
-246337.89968 0.0123578224095
-246582.040305 0.0374680572315
-246826.18093 0.00119303937297
-247070.321555 0.0326732452515
-247314.46218 0.0431926733861
-247558.602805 0.0120310667345
-247802.74343 0.0434482830609
-248046.884055 0.02483854522
-248291.02468 0.0121592523662
-248535.165305 0.0349772152143
-248779.30593 0.0110176664374
-249023.446555 0.00973850602195
-249267.58718 0.0255240348837
-249511.727805 0.040958455937
-249755.86843 0.0295956728791
