2499999.86446 0.000991486772188
2497558.45821 0.0023498331284
2495117.05196 0.00355638214661
2492675.64571 0.00182218966086
2490234.23946 0.00208875446904
2487792.83321 0.00129494611785
2485351.42696 0.00207291038366
2482910.02071 0.00149001829949
2480468.61446 0.00137773901152
2478027.20821 0.00267268337561
2475585.80196 0.00290097046052
2473144.39571 0.00179679095986
2470702.98946 0.0019637404494
2468261.58321 0.00130236287877
2465820.17696 0.0021839208099
2463378.77071 0.0022417362627
2460937.36446 0.000577106973542
2458495.95821 0.00319244049921
2456054.55196 0.00277350712248
2453613.14571 0.00264863620461
2451171.73946 0.0017564830652
2448730.33321 0.000909239114529
2446288.92696 0.000519296895643
2443847.52071 0.00122343725531
2441406.11446 0.00333586037174
2438964.70821 0.00390310404233
2436523.30196 0.00224901588784
2434081.89571 0.00328117645635
2431640.48946 0.00210016035462
2429199.08321 0.00274902965849
2426757.67696 0.000983833795664
2424316.27071 0.00185379262971
2421874.86446 0.00135372159605
2419433.45821 0.000934140325169
2416992.05196 0.00115507183267
2414550.64571 0.00275702668202
2412109.23946 0.00176533539683
2409667.83321 0.00274383386228
2407226.42696 0.0032913624554
2404785.02071 0.000264312085461
2402343.61446 0.0016096952695
2399902.20821 0.00291123574843
2397460.80196 0.00431034265736
2395019.39571 0.00308901147008
2392577.98946 0.00106773660843
2390136.58321 0.000666925238896
2387695.17696 0.00239906519571
2385253.77071 0.00138313321924
2382812.36446 0.000958614273321
2380370.95821 0.00123213741304
2377929.55196 0.00251948505776
2375488.14571 0.00249577506185
2373046.73946 0.000147271162432
2370605.33321 0.00179523486286
2368163.92696 0.00332235237792
2365722.52071 0.000798269769061
2363281.11446 0.00279658808473
2360839.70821 0.00137364412844
2358398.30196 0.000856470403396
2355956.89571 0.00446267810251
2353515.48946 0.00112394193831
2351074.08321 0.00205186141046
2348632.67696 0.00116469109441
2346191.27071 0.0016716419265
2343749.86446 0.00239939424386
2341308.45821 0.00380300681585
2338867.05196 0.000592431838078
2336425.64571 0.00239318380263
2333984.23946 0.00313506160847
2331542.83321 0.00108599779022
2329101.42696 0.00102867962498
2326660.02071 0.00141181856492
2324218.61446 0.0016560616265
2321777.20821 0.00298159507753
2319335.80196 0.00219429408183
2316894.39571 0.000207132148923
2314452.98946 0.0026338030869
2312011.58321 0.00162502779273
2309570.17696 0.00240688418171
2307128.77071 0.00350756691757
2304687.36446 0.00372864048
2302245.95821 0.00357916052547
2299804.55196 0.0017015912383
2297363.14571 0.0039869417792
2294921.73946 0.00169638813408
2292480.33321 0.00353600274034
2290038.92696 0.00395148910781
2287597.52071 0.00376918824227
2285156.11446 0.00283520473617
2282714.70821 0.00172182775965
2280273.30196 0.000235603593935
2277831.89571 0.00236369990365
2275390.48946 0.00202466490014
2272949.08321 0.00122105317202
2270507.67696 0.0018214065276
2268066.27071 0.0029626748912
2265624.86446 0.00123601947485
2263183.45821 0.00425542232148
2260742.05196 0.00383982883192
2258300.64571 0.00225903196371
2255859.23946 0.00146323115186
2253417.83321 0.00160400493382
2250976.42696 0.00170298991512
2248535.02071 0.0031648452393
2246093.61446 0.00127541954789
2243652.20821 0.00323768688986
2241210.80196 0.00235467012926
2238769.39571 0.00141994320601
2236327.98946 0.000970590126605
2233886.58321 0.000638323169209
2231445.17696 0.00195626230004
2229003.77071 0.00174659369149
2226562.36446 0.00481681475956
2224120.95821 0.00109096959224
2221679.55196 0.00120963536598
2219238.14571 0.00229098903066
2216796.73946 0.00159971466042
2214355.33321 0.00147373155553
2211913.92696 0.0013268080023
2209472.52071 0.00183243799134
2207031.11446 0.000243578905221
2204589.70821 0.00216566780213
2202148.30196 0.00309303499885
2199706.89571 0.00159376148392
2197265.48946 0.00373655856001
2194824.08321 0.0027125152968
2192382.67696 0.00289733685359
2189941.27071 0.0046218112959
2187499.86446 0.00290416438935
2185058.45821 0.00356134833339
2182617.05196 0.00237664767865
2180175.64571 0.00498830241025
2177734.23946 0.0037736742071
2175292.83321 0.00383889237286
2172851.42696 0.00303159567012
2170410.02071 0.00388763444579
2167968.61446 0.00344711647324
2165527.20821 0.000665236139363
2163085.80196 0.00389171370218
2160644.39571 0.00253356755134
2158202.98946 0.00267531682836
2155761.58321 0.00292221182289
2153320.17696 0.00449315710212
2150878.77071 0.00270031255299
2148437.36446 0.000749495946227
2145995.95821 0.00287164595775
2143554.55196 0.004250905006
2141113.14571 0.00107097085301
2138671.73946 0.00365624026865
2136230.33321 0.00296222660428
2133788.92696 0.00270300484877
2131347.52071 0.00175135612897
2128906.11446 0.00287134881888
2126464.70821 0.00401856505923
2124023.30196 0.00418490667133
2121581.89571 0.00205174049067
2119140.48946 0.000224266860131
2116699.08321 0.00215224090349
2114257.67696 0.00246460952208
2111816.27071 0.00121312866667
2109374.86446 0.00349472653904
2106933.45821 0.00226429095844
2104492.05196 0.00353496314619
2102050.64571 0.00462155829344
2099609.23946 0.00291204197461
2097167.83321 0.00350277086312
2094726.42696 0.00506834985175
2092285.02071 0.00217242866183
2089843.61446 0.00234626356052
2087402.20821 0.00121646385889
2084960.80196 0.00400148128814
2082519.39571 0.00342268126131
2080077.98946 0.00601039646092
2077636.58321 0.00311899561046
2075195.17696 0.00183332178458
2072753.77071 0.00274970078848
2070312.36446 0.00410244687688
2067870.95821 0.00460387585288
2065429.55196 0.00265005145295
2062988.14571 0.00174277442472
2060546.73946 0.00484418820174
2058105.33321 0.00238776344045
2055663.92696 0.00362956265964
2053222.52071 0.00282091442574
2050781.11446 0.00622245310289
2048339.70821 0.000985900165294
2045898.30196 0.00330765853073
2043456.89571 0.00279089211436
2041015.48946 0.00210537754408
2038574.08321 0.00460123104034
2036132.67696 0.00250365140829
2033691.27071 0.0033389125212
2031249.86446 0.00222062738489
2028808.45821 0.000668800802232
2026367.05196 0.00178875104036
2023925.64571 0.00394874365373
2021484.23946 0.00188850492909
2019042.83321 0.00254386601422
2016601.42696 0.00374166093951
2014160.02071 0.00442179138075
2011718.61446 0.00244149575066
2009277.20821 0.00235513800494
2006835.80196 0.000351244932383
2004394.39571 0.00252578560218
2001952.98946 0.003194488305
1999511.58321 0.00463248129297
1997070.17696 0.00286036520265
1994628.77071 0.00454268941272
1992187.36446 0.00358754972163
1989745.95821 0.00189935966393
1987304.55196 0.00317505317452
1984863.14571 0.00558430856401
1982421.73946 0.00500231733714
1979980.33321 0.0037400285023
1977538.92696 0.00426580474142
1975097.52071 0.0054041919727
1972656.11446 0.00266327398381
1970214.70821 0.00405978855956
1967773.30196 0.00581542172641
1965331.89571 0.00396525794737
1962890.48946 0.0039058436788
1960449.08321 0.00589886061403
1958007.67696 0.00164492972968
1955566.27071 0.00173107946658
1953124.86446 0.00278065730597
1950683.45821 0.00401428481445
1948242.05196 0.00432489352212
1945800.64571 0.00159285260513
1943359.23946 0.00481548387793
1940917.83321 0.00539546118148
1938476.42696 0.0050496701403
1936035.02071 0.0045005694756
1933593.61446 0.00446564650246
1931152.20821 0.0012955240048
1928710.80196 0.00649057923837
1926269.39571 0.00223152867176
1923827.98946 0.00710130190805
1921386.58321 0.00505038209781
1918945.17696 0.0052701838391
1916503.77071 0.00628607208599
1914062.36446 0.00563782242275
1911620.95821 0.00296854569803
1909179.55196 0.00745346542503
1906738.14571 0.00381083682832
1904296.73946 0.00337010898683
1901855.33321 0.00348248353188
1899413.92696 0.00251346671636
1896972.52071 0.00276022730113
1894531.11446 0.00533578132421
1892089.70821 0.00327855388139
1889648.30196 0.00472177330403
1887206.89571 0.00384314327938
1884765.48946 0.00251661511868
1882324.08321 0.0017840759038
1879882.67696 0.00400242296966
1877441.27071 0.00543693507524
1874999.86446 0.00252165608939
1872558.45821 0.00407307738594
1870117.05196 0.00416479813525
1867675.64571 0.00449311079331
1865234.23946 0.00409297010143
1862792.83321 0.0025429608183
1860351.42696 0.00240614142175
1857910.02071 0.00294196970426
1855468.61446 0.000853512504226
1853027.20821 0.00403830684778
1850585.80196 0.00521587977765
1848144.39571 0.00449367175042
1845702.98946 0.00368482411539
1843261.58321 0.00475325853591
1840820.17696 0.00424315809125
1838378.77071 0.00261608841142
1835937.36446 0.00553758553977
1833495.95821 0.00596832091828
1831054.55196 0.00359510502564
1828613.14571 0.00351605372444
1826171.73946 0.00512545478935
1823730.33321 0.00396006963707
1821288.92696 0.00266689190145
1818847.52071 0.00551642972196
1816406.11446 0.0069979788363
1813964.70821 0.000921567247
1811523.30196 0.0038673166146
1809081.89571 0.00371429068462
1806640.48946 0.00211103082519
1804199.08321 0.00297856669736
1801757.67696 0.00545014034972
1799316.27071 0.00840393155531
1796874.86446 0.00477506883351
1794433.45821 0.00536531153029
1791992.05196 0.00649029709765
1789550.64571 0.00259692742893
1787109.23946 0.00709399163719
1784667.83321 0.0078643662347
1782226.42696 0.00306401247303
1779785.02071 0.00389098652998
1777343.61446 0.00432200422044
1774902.20821 0.00623539237868
1772460.80196 0.00452381630756
1770019.39571 0.00526775993086
1767577.98946 0.00561026526315
1765136.58321 0.00278022219681
1762695.17696 0.00530052023673
1760253.77071 0.00701555218691
1757812.36446 0.00482162750975
1755370.95821 0.00301853159678
1752929.55196 0.00423038541198
1750488.14571 0.00514070002303
1748046.73946 0.00427412434161
1745605.33321 0.00355054174736
1743163.92696 0.00426874036945
1740722.52071 0.000850608894993
1738281.11446 0.00177899447347
1735839.70821 0.00493359023933
1733398.30196 0.00471072425076
1730956.89571 0.00524570047197
1728515.48946 0.00565824297436
1726074.08321 0.00614558392014
1723632.67696 0.00419387405619
1721191.27071 0.00402516342956
1718749.86446 0.00562197805063
1716308.45821 0.00537766408355
1713867.05196 0.00428494216824
1711425.64571 0.00681718823802
1708984.23946 0.00487760403514
1706542.83321 0.0069158526062
1704101.42696 0.00746818191551
1701660.02071 0.0056680162038
1699218.61446 0.00600832866844
1696777.20821 0.00435164243346
1694335.80196 0.00615306980956
1691894.39571 0.00416700136345
1689452.98946 0.00601316902902
1687011.58321 0.00435163665721
1684570.17696 0.00315842958825
1682128.77071 0.00577705800843
1679687.36446 0.00192079328068
1677245.95821 0.00542756068179
1674804.55196 0.00527104077906
1672363.14571 0.00730605289208
1669921.73946 0.00851431241065
1667480.33321 0.00355697632463
1665038.92696 0.00486349015483
1662597.52071 0.00400309687567
1660156.11446 0.00432659243786
1657714.70821 0.00575275843075
1655273.30196 0.00516448300174
1652831.89571 0.00705361283403
1650390.48946 0.00786138318961
1647949.08321 0.00773145112001
1645507.67696 0.00668927608199
1643066.27071 0.00616610395374
1640624.86446 0.00671864705892
1638183.45821 0.00714753279698
1635742.05196 0.0027420749015
1633300.64571 0.00432951824298
1630859.23946 0.00432262787267
1628417.83321 0.00249385253176
1625976.42696 0.00607738679805
1623535.02071 0.00490818797342
1621093.61446 0.0037513674365
1618652.20821 0.00546735768095
1616210.80196 0.00766231649302
1613769.39571 0.00473393230506
1611327.98946 0.00316158721611
1608886.58321 0.00544412534334
1606445.17696 0.00405384954945
1604003.77071 0.00767874484307
1601562.36446 0.00625736392476
1599120.95821 0.00833255939867
1596679.55196 0.0017725762465
1594238.14571 0.00381784337187
1591796.73946 0.00705758709561
1589355.33321 0.00647431906337
1586913.92696 0.00636357564791
1584472.52071 0.00620911083623
1582031.11446 0.0063339202563
1579589.70821 0.00752001631449
1577148.30196 0.00458652623867
1574706.89571 0.00680855867553
1572265.48946 0.00797393142671
1569824.08321 0.00737103445209
1567382.67696 0.00356281179388
1564941.27071 0.00525682332671
1562499.86446 0.00431300277198
1560058.45821 0.00669039626466
1557617.05196 0.00718116451081
1555175.64571 0.00557051447421
1552734.23946 0.00602214818029
1550292.83321 0.00894645310841
1547851.42696 0.0035071377113
1545410.02071 0.00276002543167
1542968.61446 0.00834860449755
1540527.20821 0.00774402150078
1538085.80196 0.00367871566887
1535644.39571 0.00727488536375
1533202.98946 0.00376180241027
1530761.58321 0.00854644460141
1528320.17696 0.0058104099857
1525878.77071 0.00253798417296
1523437.36446 0.00964732804458
1520995.95821 0.00787139452196
1518554.55196 0.00748920496118
1516113.14571 0.00574412892258
1513671.73946 0.00756548148597
1511230.33321 0.00385297335006
1508788.92696 0.00824430302064
1506347.52071 0.00663099347169
1503906.11446 0.0044947985291
1501464.70821 0.00765207834234
1499023.30196 0.00882618177804
1496581.89571 0.00722839949231
1494140.48946 0.00491689485695
1491699.08321 0.00308453920405
1489257.67696 0.00510169570989
1486816.27071 0.00559896919968
1484374.86446 0.00947594924321
1481933.45821 0.00657374303094
1479492.05196 0.00558401847816
1477050.64571 0.00516890154104
1474609.23946 0.00565401840306
1472167.83321 0.00596687756912
1469726.42696 0.0047756501826
1467285.02071 0.00816299346953
1464843.61446 0.0023193947644
1462402.20821 0.00610139910772
1459960.80196 0.00591890419123
1457519.39571 0.00532896583776
1455077.98946 0.00640977329839
1452636.58321 0.0069013128257
1450195.17696 0.00605824926338
1447753.77071 0.00991393979517
1445312.36446 0.00650889293877
1442870.95821 0.00532338815969
1440429.55196 0.00755901895962
1437988.14571 0.010991504735
1435546.73946 0.00430935797717
1433105.33321 0.00284598844035
1430663.92696 0.00569220168701
1428222.52071 0.00658102786107
1425781.11446 0.00651309238641
1423339.70821 0.00815035302991
1420898.30196 0.00610269966243
1418456.89571 0.00724131275218
1416015.48946 0.00593474888481
1413574.08321 0.00753683631536
1411132.67696 0.00758062171452
1408691.27071 0.00578305126895
1406249.86446 0.00374919397172
1403808.45821 0.00647495323658
1401367.05196 0.00690666105574
1398925.64571 0.00665997609988
1396484.23946 0.0163199940657
1394042.83321 0.00463433452862
1391601.42696 0.0070270988021
1389160.02071 0.00835779950714
1386718.61446 0.00692185976468
1384277.20821 0.00600809864597
1381835.80196 0.00712211814459
1379394.39571 0.00610127551428
1376952.98946 0.00607864983703
1374511.58321 0.00534404067764
1372070.17696 0.00431657752332
1369628.77071 0.00565900430104
1367187.36446 0.00709783593437
1364745.95821 0.0062628847911
1362304.55196 0.00419901957724
1359863.14571 0.0109606957037
1357421.73946 0.00430948900002
1354980.33321 0.00642251587323
1352538.92696 0.00733303151765
1350097.52071 0.00412494624816
1347656.11446 0.00514623863197
1345214.70821 0.00703915042691
1342773.30196 0.00831407717961
1340331.89571 0.00648005075087
1337890.48946 0.0096249044725
1335449.08321 0.0101879079509
1333007.67696 0.0106031946665
1330566.27071 0.00751870399396
1328124.86446 0.00771094946425
1325683.45821 0.00744043776866
1323242.05196 0.00779922472482
1320800.64571 0.00827226811433
1318359.23946 0.00911926141351
1315917.83321 0.00489810321356
1313476.42696 0.00817097996245
1311035.02071 0.00942216941966
1308593.61446 0.00768295870956
1306152.20821 0.0055028035883
1303710.80196 0.00894311824285
1301269.39571 0.0101408221801
1298827.98946 0.0107422105183
1296386.58321 0.0108520977913
1293945.17696 0.00835651765215
1291503.77071 0.0115864986514
1289062.36446 0.00884246524325
1286620.95821 0.00901292429881
1284179.55196 0.00993185539554
1281738.14571 0.00858651192636
1279296.73946 0.00659440066977
1276855.33321 0.00901460244267
1274413.92696 0.00611513898972
1271972.52071 0.0122496560771
1269531.11446 0.0116281956839
1267089.70821 0.0102829726696
1264648.30196 0.00835789090157
1262206.89571 0.00803737012204
1259765.48946 0.00952713064495
1257324.08321 0.00935987133155
1254882.67696 0.00967901334755
1252441.27071 0.00841040541171
1249999.86446 0.0135372967664
1247558.45821 0.0105162236795
1245117.05196 0.0100414831258
1242675.64571 0.00936878258726
1240234.23946 0.00967293037394
1237792.83321 0.00788346703569
1235351.42696 0.010072809787
1232910.02071 0.0071064190643
1230468.61446 0.00586304372284
1228027.20821 0.00877809121428
1225585.80196 0.0120680457061
1223144.39571 0.00673388599311
1220702.98946 0.00727510886049
1218261.58321 0.00452564265991
1215820.17696 0.00874403318041
1213378.77071 0.00847895640146
1210937.36446 0.0114003527246
1208495.95821 0.00784069355895
1206054.55196 0.007053302795
1203613.14571 0.00926214205638
1201171.73946 0.00828219536527
1198730.33321 0.0157677953473
1196288.92696 0.00559416145109
1193847.52071 0.00371890320293
1191406.11446 0.0055220076425
1188964.70821 0.0111628177653
1186523.30196 0.00565688442426
1184081.89571 0.00938102364627
1181640.48946 0.0101825357755
1179199.08321 0.00961613196122
1176757.67696 0.00550991415222
1174316.27071 0.00844002120349
1171874.86446 0.0085465315276
1169433.45821 0.00719575763472
1166992.05196 0.0111380222236
1164550.64571 0.013190390318
1162109.23946 0.0113329363724
1159667.83321 0.00898618185606
1157226.42696 0.0135228033871
1154785.02071 0.00876528132969
1152343.61446 0.0122784286195
1149902.20821 0.00833557681424
1147460.80196 0.00895461836593
1145019.39571 0.0105754213033
1142577.98946 0.0107926408352
1140136.58321 0.0100985995313
1137695.17696 0.00697044075006
1135253.77071 0.00992950047549
1132812.36446 0.0118282408089
1130370.95821 0.00900539757265
1127929.55196 0.00852253514608
1125488.14571 0.0108474027657
1123046.73946 0.00885768031477
1120605.33321 0.00994154762485
1118163.92696 0.0150551324097
1115722.52071 0.0112514311255
1113281.11446 0.00806132515556
1110839.70821 0.00941296353875
1108398.30196 0.00865681700073
1105956.89571 0.0103886138748
1103515.48946 0.011832509322
1101074.08321 0.0099923021882
1098632.67696 0.0137017704554
1096191.27071 0.0124839949406
1093749.86446 0.0113224795029
1091308.45821 0.0106568588335
1088867.05196 0.00995980092109
1086425.64571 0.0115357607414
1083984.23946 0.0132114016129
1081542.83321 0.00853289100131
1079101.42696 0.0084808589812
1076660.02071 0.0114277119258
1074218.61446 0.0129364393524
1071777.20821 0.0127125798598
1069335.80196 0.0122780529559
1066894.39571 0.00762452319484
1064452.98946 0.0083094258334
1062011.58321 0.00971044483957
1059570.17696 0.00724704641284
1057128.77071 0.0111407116162
1054687.36446 0.00655085495133
1052245.95821 0.0120517771656
1049804.55196 0.00556511415298
1047363.14571 0.00956276536506
1044921.73946 0.00910908268968
1042480.33321 0.00846368962313
1040038.92696 0.0106405004152
1037597.52071 0.0121960817256
1035156.11446 0.00857978591623
1032714.70821 0.00993833154605
1030273.30196 0.0102154030937
1027831.89571 0.00881135523324
1025390.48946 0.00936223071611
1022949.08321 0.0140305742904
1020507.67696 0.00986047599448
1018066.27071 0.0104704022827
1015624.86446 0.00693419888743
1013183.45821 0.00888583147745
1010742.05196 0.0120114446197
1008300.64571 0.0118165637293
1005859.23946 0.0147022572796
1003417.83321 0.013515972055
1000976.42696 0.00802773260711
998535.020714 0.00997991043244
996093.614464 0.021361501689
993652.208214 0.0155570239556
991210.801964 0.0156349521455
988769.395714 0.00913345716961
986327.989464 0.0135986672076
983886.583214 0.013060547523
981445.176964 0.0138768524246
979003.770714 0.0110222516376
976562.364464 0.0157252320511
974120.958214 0.0113264074417
971679.551964 0.0129312403196
969238.145714 0.0145031064114
966796.739464 0.0151774604804
964355.333214 0.0148140760268
961913.926964 0.0176997329232
959472.520714 0.016562879277
957031.114464 0.014080739343
954589.708214 0.0164927465402
952148.301964 0.010820210049
949706.895714 0.0145032353386
947265.489464 0.0120240285535
944824.083214 0.0114944054607
942382.676964 0.0137950238408
939941.270714 0.0146381081913
937499.864464 0.0140812076054
935058.458214 0.0124558412167
932617.051964 0.017384075344
930175.645714 0.0153428867148
927734.239464 0.0155637536615
925292.833214 0.0169151168016
922851.426964 0.019073930826
920410.020714 0.0181706646344
917968.614464 0.0193069015575
915527.208214 0.022207511088
913085.801964 0.0206620056578
910644.395714 0.0195150036653
908202.989464 0.0204198014034
905761.583214 0.0171942433548
903320.176964 0.0165681139054
900878.770714 0.0181127896083
898437.364464 0.0158779798622
895995.958214 0.0135217183557
893554.551964 0.0125588270446
891113.145714 0.0154105830799
888671.739464 0.0150170979305
886230.333214 0.0157767102167
883788.926964 0.0138424109797
881347.520714 0.0170927415195
878906.114464 0.0138709853502
876464.708214 0.015429881478
874023.301964 0.016109648111
871581.895714 0.0164989300473
869140.489464 0.0151446497448
866699.083214 0.0141512247218
864257.676964 0.0172698737766
861816.270714 0.0149108534825
859374.864464 0.0173192303237
856933.458214 0.0136868772339
854492.051964 0.0185731723942
852050.645714 0.0175209364486
849609.239464 0.0143691557241
847167.833214 0.0173535898072
844726.426964 0.0174195037823
842285.020714 0.0164660392741
839843.614464 0.0192814875155
837402.208214 0.0149938184489
834960.801964 0.0195147873444
832519.395714 0.020312164198
830077.989464 0.0184314056783
827636.583214 0.0195297712459
825195.176964 0.0177663212081
822753.770714 0.020408460194
820312.364464 0.0192182843746
817870.958214 0.017123265644
815429.551964 0.0191521262251
812988.145714 0.0202231795002
810546.739464 0.0193084515599
808105.333214 0.0191789135917
805663.926964 0.0179678452468
803222.520714 0.0196738926032
800781.114464 0.022402469324
798339.708214 0.0169006805493
795898.301964 0.018543401246
793456.895714 0.0218146753656
791015.489464 0.0176438594666
788574.083214 0.0192778095638
786132.676964 0.0167566618398
783691.270714 0.0171833398475
781249.864464 0.0199592901865
778808.458214 0.01512859118
776367.051964 0.0191456929328
773925.645714 0.0158386621103
771484.239464 0.0173537275456
769042.833214 0.0208727895001
766601.426964 0.0206288210606
764160.020714 0.0172287924733
761718.614464 0.0219816345929
759277.208214 0.0163215107572
756835.801964 0.017898066337
754394.395714 0.0193518442533
751952.989464 0.0243415115671
749511.583214 0.0232240227217
747070.176964 0.0209434285315
744628.770714 0.0214318886291
742187.364464 0.0175394750298
739745.958214 0.0168770025918
737304.551964 0.0184974332269
734863.145714 0.0194682251071
732421.739464 0.0191509732531
729980.333214 0.0187040943279
727538.926964 0.0206081734345
725097.520714 0.0182237209662
722656.114464 0.016475141082
720214.708214 0.0208492913474
717773.301964 0.0195067072828
715331.895714 0.0206765013352
712890.489464 0.016673187088
710449.083214 0.0162503277977
708007.676964 0.0189481069358
705566.270714 0.0206935012593
703124.864464 0.0203395865829
700683.458214 0.0194954423379
698242.051964 0.0193078392114
695800.645714 0.0204230351123
693359.239464 0.0193323030903
690917.833214 0.0161715816379
688476.426964 0.020168877497
686035.020714 0.0182355625379
683593.614464 0.0204818801733
681152.208214 0.0204295855491
678710.801964 0.0200392263045
676269.395714 0.0220038700833
673827.989464 0.0189685459744
671386.583214 0.0207446952374
668945.176964 0.0197072114393
666503.770714 0.0211133169301
664062.364464 0.0219667835811
661620.958214 0.0220628379991
659179.551964 0.0187530625144
656738.145714 0.0200111769074
654296.739464 0.021742988519
651855.333214 0.0178800334533
649413.926964 0.0217572392325
646972.520714 0.0215236238836
644531.114464 0.0214225811004
642089.708214 0.0197218457176
639648.301964 0.0246183674867
637206.895714 0.0204067766808
634765.489464 0.0211187143313
632324.083214 0.0196728170839
629882.676964 0.0214979947742
627441.270714 0.0166834716468
624999.864464 0.0200415415821
622558.458214 0.0187366471038
620117.051964 0.0183816851841
617675.645714 0.0192134857061
615234.239464 0.0233377171762
612792.833214 0.0208955843843
610351.426964 0.0217309741546
607910.020714 0.0225793479464
605468.614464 0.0223590361723
603027.208214 0.0237416925665
600585.801964 0.0204175866304
598144.395714 0.0139332040483
595702.989464 0.0261389243691
593261.583214 0.0248131912133
590820.176964 0.0231883438983
588378.770714 0.0234296673652
585937.364464 0.0205893620489
583495.958214 0.0249735527273
581054.551964 0.0238039959894
578613.145714 0.0224087355086
576171.739464 0.0210932721843
573730.333214 0.022733042647
571288.926964 0.0254823163239
568847.520714 0.0268045747728
566406.114464 0.0236667245192
563964.708214 0.0279140085029
561523.301964 0.0265814838995
559081.895714 0.0276890082245
556640.489464 0.0246082844188
554199.083214 0.0294896519285
551757.676964 0.0261378407412
549316.270714 0.0255339190313
546874.864464 0.0287129746083
544433.458214 0.0285938836691
541992.051964 0.0269742011463
539550.645714 0.0291432398318
537109.239464 0.0266409813043
534667.833214 0.0273812509857
532226.426964 0.0204061482473
529785.020714 0.0262542593219
527343.614464 0.0244032854909
524902.208214 0.025360543874
522460.801964 0.0247469309033
520019.395714 0.0259848904755
517577.989464 0.0230571203357
515136.583214 0.0259191223896
512695.176964 0.0259341265224
510253.770714 0.0294844014764
507812.364464 0.0291070300347
505370.958214 0.027392311567
502929.551964 0.0296783612413
500488.145714 0.0270665912396
498046.739464 0.0290881517225
495605.333214 0.0256556049808
493163.926964 0.0270984995388
490722.520714 0.02367371701
488281.114464 0.0258539940546
485839.708214 0.0279348433608
483398.301964 0.0256518351013
480956.895714 0.026004549614
478515.489464 0.0296734593159
476074.083214 0.0249793585071
473632.676964 0.0275039863226
471191.270714 0.0248583658628
468749.864464 0.0259807921319
466308.458214 0.0291218081066
463867.051964 0.0245281265088
461425.645714 0.0259435389071
458984.239464 0.0223646721712
456542.833214 0.0256132132259
454101.426964 0.0249631916891
451660.020714 0.0267313474397
449218.614464 0.0282187101137
446777.208214 0.0252839311782
444335.801964 0.02861793604
441894.395714 0.0291116339938
439452.989464 0.0343020080637
437011.583214 0.029623956414
434570.176964 0.0321303155783
432128.770714 0.0312077458553
429687.364464 0.0331780434759
427245.958214 0.0334844412926
424804.551964 0.0328704175173
422363.145714 0.032991417374
419921.739464 0.0331880376731
417480.333214 0.0359964547387
415038.926964 0.0315174416647
412597.520714 0.0338341535615
410156.114464 0.0337063096996
407714.708214 0.0343281503527
405273.301964 0.0330736148412
402831.895714 0.0342388484164
400390.489464 0.0324565420352
397949.083214 0.0322016107106
395507.676964 0.0329158965857
393066.270714 0.0339179030372
390624.864464 0.0354223314637
388183.458214 0.0322612421962
385742.051964 0.035223169195
383300.645714 0.0307021262649
380859.239464 0.0366743362437
378417.833214 0.0393026480909
375976.426964 0.0355817669855
373535.020714 0.0366564193226
371093.614464 0.0331122721948
368652.208214 0.0400107045785
366210.801964 0.0355650333164
363769.395714 0.0371366852214
361327.989464 0.0381400403418
358886.583214 0.0407676548966
356445.176964 0.0382697319003
354003.770714 0.0375922441887
351562.364464 0.0375864089068
349120.958214 0.0380517721926
346679.551964 0.0421867870378
344238.145714 0.0408551979819
341796.739464 0.0387037581783
339355.333214 0.0392377336514
336913.926964 0.0389678747476
334472.520714 0.0425109734279
332031.114464 0.0430581807464
329589.708214 0.0428965234835
327148.301964 0.041997993483
324706.895714 0.0436363191064
322265.489464 0.0432630648929
319824.083214 0.0432505985981
317382.676964 0.0458976228251
314941.270714 0.0442654653491
312499.864464 0.0481534916583
310058.458214 0.0438499336787
307617.051964 0.0489911112914
305175.645714 0.047260404612
302734.239464 0.0480320930896
300292.833214 0.0431440665628
297851.426964 0.0494804450295
295410.020714 0.0484154477731
292968.614464 0.0490518079801
290527.208214 0.049258828469
288085.801964 0.0480688379428
285644.395714 0.0485291883135
283202.989464 0.0520032344043
280761.583214 0.0527554734591
278320.176964 0.0542033474874
275878.770714 0.0521942690343
273437.364464 0.0527455588285
270995.958214 0.0519254703802
268554.551964 0.0525931290472
266113.145714 0.0510621122011
263671.739464 0.0525045372584
261230.333214 0.0526268320914
258788.926964 0.0523635548302
256347.520714 0.0499356670768
253906.114464 0.054245575608
251464.708214 0.0478355235052
249023.301964 0.0510061037643
246581.895714 0.0508027579016
244140.489464 0.0529869480596
241699.083214 0.0557624341816
239257.676964 0.0522649176797
236816.270714 0.0535666651482
234374.864464 0.0545303941149
231933.458214 0.0521026211067
229492.051964 0.0559867168313
227050.645714 0.0566869088872
224609.239464 0.0580800825111
222167.833214 0.0577934778177
219726.426964 0.0633962270491
217285.020714 0.060304148345
214843.614464 0.0607516373345
212402.208214 0.0627987039416
209960.801964 0.0664652622886
207519.395714 0.0652424239125
205077.989464 0.0671923142316
202636.583214 0.067847577803
200195.176964 0.0668892314418
197753.770714 0.0694231259028
195312.364464 0.0724102934418
192870.958214 0.0742343515486
190429.551964 0.0719303004162
187988.145714 0.0750476468793
185546.739464 0.0741793086489
183105.333214 0.0696168666751
180663.926964 0.0728696334167
178222.520714 0.0741105248962
175781.114464 0.0757930244683
173339.708214 0.0760714977552
170898.301964 0.0749611919472
168456.895714 0.0779789533013
166015.489464 0.0752694350114
163574.083214 0.0829299598811
161132.676964 0.0868024697957
158691.270714 0.0884464219684
156249.864464 0.0892229809788
153808.458214 0.0904139340723
151367.051964 0.0883823234957
148925.645714 0.0829541765101
146484.239464 0.0904702166368
144042.833214 0.0905125221743
141601.426964 0.0980326667931
139160.020714 0.0919698977638
136718.614464 0.0997420467845
134277.208214 0.0969081223763
131835.801964 0.103272586883
129394.395714 0.0948362474862
126952.989464 0.10023541024
124511.583214 0.107328165225
122070.176964 0.108904349553
119628.770714 0.111845101641
117187.364464 0.11678067996
114745.958214 0.119682817315
112304.551964 0.114610401605
109863.145714 0.117314648236
107421.739464 0.124379857406
104980.333214 0.123130931918
102538.926964 0.126978645571
100097.520714 0.127881556884
97656.114464 0.135777146663
95214.708214 0.137959260761
92773.301964 0.139531668983
90331.895714 0.147685290884
87890.489464 0.153831390798
85449.083214 0.163932047498
83007.676964 0.161981508599
80566.270714 0.167506235904
78124.864464 0.174482077636
75683.458214 0.178732488376
73242.051964 0.1796589243
70800.645714 0.186697583805
68359.239464 0.188165513648
65917.833214 0.196683192846
63476.426964 0.203804030387
61035.020714 0.208607067377
58593.614464 0.219965263055
56152.208214 0.228087591453
53710.801964 0.239003793137
51269.395714 0.251038718075
48827.989464 0.26442634238
46386.583214 0.274115610839
43945.176964 0.290921921798
41503.770714 0.304169583177
39062.364464 0.32162309966
36620.958214 0.342742209639
34179.551964 0.365633721225
31738.145714 0.385166268543
29296.739464 0.414100556974
26855.333214 0.447326874109
24413.926964 0.479651149282
21972.520714 0.513611376814
19531.114464 0.556645861147
17089.708214 0.610630430288
14648.301964 0.666222881581
12206.895714 0.734080694873
9765.489464 0.803187084082
7324.083214 0.875474266505
4882.676964 0.938426560086
2441.270714 0.984917617382
-0.135536 1.0
-2441.541786 0.980487770642
-4882.948036 0.933338963529
-7324.354286 0.867802267497
-9765.760536 0.796382118058
-12207.166786 0.723355568735
-14648.573036 0.664657591187
-17089.979286 0.609148887561
-19531.385536 0.557167037451
-21972.791786 0.513772891044
-24414.198036 0.471851949948
-26855.604286 0.44242203821
-29297.010536 0.412203591882
-31738.416786 0.388467991335
-34179.823036 0.366519276624
-36621.229286 0.348493028443
-39062.635536 0.327700388368
-41504.041786 0.313355878119
-43945.448036 0.298933079479
-46386.854286 0.282350287182
-48828.260536 0.272247768453
-51269.666786 0.257971126243
-53711.073036 0.249938382833
-56152.479286 0.238573977766
-58593.885536 0.229690390039
-61035.291786 0.21794620411
-63476.698036 0.202775655557
-65918.104286 0.19685567022
-68359.510536 0.188405171006
-70800.916786 0.187139426963
-73242.323036 0.181005669589
-75683.729286 0.173706343591
-78125.135536 0.16983142492
-80566.541786 0.164117356066
-83007.948036 0.158509251042
-85449.354286 0.15623657214
-87890.760536 0.151588393915
-90332.166786 0.150707399602
-92773.573036 0.14756919077
-95214.979286 0.14240053436
-97656.385536 0.137661650679
-100097.791786 0.129838848771
-102539.198036 0.126405370563
-104980.604286 0.125663341043
-107422.010536 0.127314782374
-109863.416786 0.118846399591
-112304.823036 0.116068792344
-114746.229286 0.114112996311
-117187.635536 0.105312958661
-119629.041786 0.106938340273
-122070.448036 0.101553392837
-124511.854286 0.0983349640716
-126953.260536 0.095300671736
-129394.666786 0.0959415406684
-131836.073036 0.0942602865942
-134277.479286 0.0929077273501
-136718.885536 0.0927873273894
-139160.291786 0.0909094438822
-141601.698036 0.0885696094539
-144043.104286 0.0903735697662
-146484.510536 0.0912016813057
-148925.916786 0.0858060096052
-151367.323036 0.0839743765997
-153808.729286 0.0865013834088
-156250.135536 0.0862436833663
-158691.541786 0.0814263779266
-161132.948036 0.0844618962497
-163574.354286 0.0877077874333
-166015.760536 0.0817384119522
-168457.166786 0.082034466148
-170898.573036 0.0790110569396
-173339.979286 0.0792875573984
-175781.385536 0.0768518319593
-178222.791786 0.0781468285928
-180664.198036 0.0755206097413
-183105.604286 0.0773848121702
-185547.010536 0.0774320032019
-187988.416786 0.0752799013432
-190429.823036 0.0739329640211
-192871.229286 0.0705074375298
-195312.635536 0.0686559120381
-197754.041786 0.0713465865678
-200195.448036 0.0667574243658
-202636.854286 0.0688372095198
-205078.260536 0.0658541417726
-207519.666786 0.0656396293689
-209961.073036 0.0687855565887
-212402.479286 0.0655033692818
-214843.885536 0.0665152505067
-217285.291786 0.0659274570586
-219726.698036 0.0649517127641
-222168.104286 0.0637867472662
-224609.510536 0.0632379184984
-227050.916786 0.0616446728183
-229492.323036 0.0611768027478
-231933.729286 0.0632179135538
-234375.135536 0.064360945996
-236816.541786 0.0639568880961
-239257.948036 0.0612436810261
-241699.354286 0.0605586715493
-244140.760536 0.0595897561376
-246582.166786 0.0615517747131
-249023.573036 0.057041665493
-251464.979286 0.0565989376281
-253906.385536 0.0572647399875
-256347.791786 0.0570464474699
-258789.198036 0.0540560783035
-261230.604286 0.0549319465111
-263672.010536 0.0529973390609
-266113.416786 0.0518934601248
-268554.823036 0.0526731769226
-270996.229286 0.0523238599857
-273437.635536 0.0528619727604
-275879.041786 0.0447028680929
-278320.448036 0.0476761928624
-280761.854286 0.049224284251
-283203.260536 0.0460843705008
-285644.666786 0.0489551011887
-288086.073036 0.0477992877781
-290527.479286 0.0464409194639
-292968.885536 0.0472087865112
-295410.291786 0.0423277317243
-297851.698036 0.0491475707865
-300293.104286 0.0435935791061
-302734.510536 0.0469792094428
-305175.916786 0.0471573058432
-307617.323036 0.0445121893099
-310058.729286 0.0468392286813
-312500.135536 0.0465916790056
-314941.541786 0.0448265864407
-317382.948036 0.0431886062326
-319824.354286 0.0460381680593
-322265.760536 0.042239542925
-324707.166786 0.0457712450405
-327148.573036 0.0420941104246
-329589.979286 0.0430526416879
-332031.385536 0.0423716248052
-334472.791786 0.0422164831618
-336914.198036 0.0414154971941
-339355.604286 0.0431385951064
-341797.010536 0.0410335183065
-344238.416786 0.0429820754648
-346679.823036 0.0388993301486
-349121.229286 0.0430915965845
-351562.635536 0.0418031285441
-354004.041786 0.0423348028776
-356445.448036 0.0426221787455
-358886.854286 0.0393605893938
-361328.260536 0.039225032655
-363769.666786 0.0399177150117
-366211.073036 0.0422954802259
-368652.479286 0.0404489973168
-371093.885536 0.0409745726507
-373535.291786 0.0405886018381
-375976.698036 0.0395888486201
-378418.104286 0.0393864082949
-380859.510536 0.0379952354802
-383300.916786 0.0374093758608
-385742.323036 0.0372641206454
-388183.729286 0.0387109609725
-390625.135536 0.034844354048
-393066.541786 0.0370962643673
-395507.948036 0.0366866834351
-397949.354286 0.03335840878
-400390.760536 0.0332858910506
-402832.166786 0.0408202431317
-405273.573036 0.0391699975672
-407714.979286 0.0377320473784
-410156.385536 0.0361750260049
-412597.791786 0.0361198043139
-415039.198036 0.0352454799548
-417480.604286 0.0339420340868
-419922.010536 0.0338324101649
-422363.416786 0.0344025702787
-424804.823036 0.0351921003851
-427246.229286 0.0345274104401
-429687.635536 0.0317069683607
-432129.041786 0.0347632009671
-434570.448036 0.0332896325186
-437011.854286 0.0335133855853
-439453.260536 0.033123686838
-441894.666786 0.0310185728175
-444336.073036 0.0329808985364
-446777.479286 0.0376886137756
-449218.885536 0.032945638783
-451660.291786 0.0318605491553
-454101.698036 0.0328908395472
-456543.104286 0.0326089817079
-458984.510536 0.0349906381
-461425.916786 0.0322369203522
-463867.323036 0.0331239998655
-466308.729286 0.031569744825
-468750.135536 0.0310932955798
-471191.541786 0.0308638726907
-473632.948036 0.0315664740423
-476074.354286 0.0286065823308
-478515.760536 0.0327177427329
-480957.166786 0.0317944667797
-483398.573036 0.0314129318883
-485839.979286 0.028282120954
-488281.385536 0.031280303029
-490722.791786 0.0289817842816
-493164.198036 0.0280194551611
-495605.604286 0.0302300158318
-498047.010536 0.0302353934315
-500488.416786 0.027502330809
-502929.823036 0.0289664030606
-505371.229286 0.0295621198373
-507812.635536 0.0329088203105
-510254.041786 0.0271691509991
-512695.448036 0.0303365124987
-515136.854286 0.0246437977668
-517578.260536 0.0285842040798
-520019.666786 0.026398203629
-522461.073036 0.0261129244081
-524902.479286 0.0254348866391
-527343.885536 0.0266494954844
-529785.291786 0.0274026474339
-532226.698036 0.0284359108394
-534668.104286 0.0254708419734
-537109.510536 0.0252859389441
-539550.916786 0.0275223503296
-541992.323036 0.0256957006615
-544433.729286 0.0225234925542
-546875.135536 0.021675353042
-549316.541786 0.0232154110892
-551757.948036 0.022589117089
-554199.354286 0.0204550196024
-556640.760536 0.0241081753155
-559082.166786 0.020657712805
-561523.573036 0.0270980872754
-563964.979286 0.0230973977159
-566406.385536 0.0245259894822
-568847.791786 0.023428030658
-571289.198036 0.021920262331
-573730.604286 0.0225567044757
-576172.010536 0.0216076515475
-578613.416786 0.0234622616096
-581054.823036 0.0220587333971
-583496.229286 0.0207779244227
-585937.635536 0.0234469560658
-588379.041786 0.0242794372788
-590820.448036 0.021405896635
-593261.854286 0.0209241877418
-595703.260536 0.0232735654192
-598144.666786 0.0286038656169
-600586.073036 0.0224087847186
-603027.479286 0.0231986967022
-605468.885536 0.0214356846021
-607910.291786 0.0231183938146
-610351.698036 0.0273902065817
-612793.104286 0.0244905107269
-615234.510536 0.0241623789862
-617675.916786 0.0215452672866
-620117.323036 0.0214524782174
-622558.729286 0.0224999057566
-625000.135536 0.0246123447707
-627441.541786 0.0235892569993
-629882.948036 0.0232047039041
-632324.354286 0.0231226008443
-634765.760536 0.0216697168467
-637207.166786 0.0227226482254
-639648.573036 0.0198626451985
-642089.979286 0.02145689339
-644531.385536 0.0186157898803
-646972.791786 0.0197819310103
-649414.198036 0.0211105777247
-651855.604286 0.0222832115483
-654297.010536 0.0224488592473
-656738.416786 0.0218595230175
-659179.823036 0.0215500530756
-661621.229286 0.018911006861
-664062.635536 0.0190344776441
-666504.041786 0.0215084460688
-668945.448036 0.0174222067744
-671386.854286 0.0188228592797
-673828.260536 0.0174869104407
-676269.666786 0.0191780473284
-678711.073036 0.0195639071526
-681152.479286 0.0182051393284
-683593.885536 0.0188127214052
-686035.291786 0.0214741126034
-688476.698036 0.0178436399915
-690918.104286 0.0222558908276
-693359.510536 0.0195386005736
-695800.916786 0.0149266120405
-698242.323036 0.0189069746767
-700683.729286 0.0183866977521
-703125.135536 0.0178221833965
-705566.541786 0.0164286126042
-708007.948036 0.01681767378
-710449.354286 0.0145549561848
-712890.760536 0.0186660441755
-715332.166786 0.01757078038
-717773.573036 0.0177475117305
-720214.979286 0.0157724224755
-722656.385536 0.0178525746469
-725097.791786 0.0177297081686
-727539.198036 0.0157031391166
-729980.604286 0.0183291440122
-732422.010536 0.0200124811225
-734863.416786 0.0181587255516
-737304.823036 0.0181680671288
-739746.229286 0.0172224210564
-742187.635536 0.0134150772892
-744629.041786 0.0132029699623
-747070.448036 0.016593435288
-749511.854286 0.0155278063599
-751953.260536 0.0146752461918
-754394.666786 0.0106261441947
-756836.073036 0.0128383078167
-759277.479286 0.0167373543922
-761718.885536 0.0159179789246
-764160.291786 0.012213688122
-766601.698036 0.0153560721153
-769043.104286 0.0140796359473
-771484.510536 0.0139657917881
-773925.916786 0.0147169704007
-776367.323036 0.0159556492492
-778808.729286 0.0140930917301
-781250.135536 0.0128772553731
-783691.541786 0.0156723886818
-786132.948036 0.014562512816
-788574.354286 0.0155209215212
-791015.760536 0.0148624506949
-793457.166786 0.012627775537
-795898.573036 0.0155585232643
-798339.979286 0.0166299060331
-800781.385536 0.0194703470494
-803222.791786 0.0124976750656
-805664.198036 0.0166485814073
-808105.604286 0.0151876856736
-810547.010536 0.0125525890854
-812988.416786 0.0131892750463
-815429.823036 0.01531605872
-817871.229286 0.0140468320504
-820312.635536 0.0151857352716
-822754.041786 0.0137136288605
-825195.448036 0.0155648993448
-827636.854286 0.0137622145545
-830078.260536 0.012265197113
-832519.666786 0.0142048158641
-834961.073036 0.0140417244146
-837402.479286 0.0125154465098
-839843.885536 0.0142558083193
-842285.291786 0.0164001120353
-844726.698036 0.0188876082539
-847168.104286 0.00918376230947
-849609.510536 0.0116051048307
-852050.916786 0.0115491491707
-854492.323036 0.0110255908725
-856933.729286 0.0131027768881
-859375.135536 0.0137672764098
-861816.541786 0.0121943263489
-864257.948036 0.0123266461825
-866699.354286 0.00921680564539
-869140.760536 0.0119944477778
-871582.166786 0.0116987324716
-874023.573036 0.00987617087214
-876464.979286 0.011383726127
-878906.385536 0.0118362497577
-881347.791786 0.0136577341565
-883789.198036 0.019090602957
-886230.604286 0.0131973938848
-888672.010536 0.0126983383737
-891113.416786 0.0139999248841
-893554.823036 0.0150782034991
-895996.229286 0.0136600938337
-898437.635536 0.0116068267202
-900879.041786 0.0132054689223
-903320.448036 0.0147969256722
-905761.854286 0.0113828665791
-908203.260536 0.0113528658829
-910644.666786 0.0132033473025
-913086.073036 0.00966924840502
-915527.479286 0.0118867239531
-917968.885536 0.00870842640367
-920410.291786 0.0130475684944
-922851.698036 0.00881127562135
-925293.104286 0.0108451308475
-927734.510536 0.0116905343898
-930175.916786 0.0116967695789
-932617.323036 0.00931440705882
-935058.729286 0.0116174660709
-937500.135536 0.00960819585318
-939941.541786 0.010061834418
-942382.948036 0.00671407334153
-944824.354286 0.00973992833963
-947265.760536 0.00607067278475
-949707.166786 0.0101279500933
-952148.573036 0.00928374107527
-954589.979286 0.0115747687165
-957031.385536 0.0100646089012
-959472.791786 0.00906515907598
-961914.198036 0.0131493344898
-964355.604286 0.0109193224856
-966797.010536 0.010614932893
-969238.416786 0.00978923156128
-971679.823036 0.0106581270755
-974121.229286 0.00800372041799
-976562.635536 0.00663731287383
-979004.041786 0.0116497485302
-981445.448036 0.0106650389776
-983886.854286 0.0117692000955
-986328.260536 0.0112462402474
-988769.666786 0.00806258114019
-991211.073036 0.00905525881412
-993652.479286 0.00815388362777
-996093.885536 0.0095284044568
-998535.291786 0.0125338840999
-1000976.69804 0.00844310943074
-1003418.10429 0.00937704309354
-1005859.51054 0.0127032021375
-1008300.91679 0.009259743697
-1010742.32304 0.00980049825288
-1013183.72929 0.0108574200016
-1015625.13554 0.00846066150484
-1018066.54179 0.0127617090828
-1020507.94804 0.00741411507635
-1022949.35429 0.00900094000532
-1025390.76054 0.0118144337785
-1027832.16679 0.014141670445
-1030273.57304 0.00961365636856
-1032714.97929 0.0112013803064
-1035156.38554 0.0100526832525
-1037597.79179 0.00974519242921
-1040039.19804 0.00758468824593
-1042480.60429 0.0099231464831
-1044922.01054 0.00993748019462
-1047363.41679 0.00974219730618
-1049804.82304 0.00859173363757
-1052246.22929 0.00818445984406
-1054687.63554 0.00921992974234
-1057129.04179 0.00703153848672
-1059570.44804 0.0103623032388
-1062011.85429 0.0104916764669
-1064453.26054 0.00613562329879
-1066894.66679 0.00609671606574
-1069336.07304 0.0100876248582
-1071777.47929 0.00738500860598
-1074218.88554 0.0107783509169
-1076660.29179 0.00673803592129
-1079101.69804 0.00661239036885
-1081543.10429 0.00671766955018
-1083984.51054 0.0103906211332
-1086425.91679 0.0101042805845
-1088867.32304 0.00604623828765
-1091308.72929 0.0111702096528
-1093750.13554 0.0105756038349
-1096191.54179 0.00786565035567
-1098632.94804 0.0112923754257
-1101074.35429 0.00820270381115
-1103515.76054 0.00717699574903
-1105957.16679 0.00826149046812
-1108398.57304 0.00949397189535
-1110839.97929 0.00833002527499
-1113281.38554 0.00601443270631
-1115722.79179 0.0090490852423
-1118164.19804 0.00695846050725
-1120605.60429 0.00569942020868
-1123047.01054 0.00603025920533
-1125488.41679 0.00755622886868
-1127929.82304 0.00522772993553
-1130371.22929 0.00947111914722
-1132812.63554 0.00725517272507
-1135254.04179 0.00848384911007
-1137695.44804 0.00699877805922
-1140136.85429 0.0094309191976
-1142578.26054 0.00896653660432
-1145019.66679 0.0104492581637
-1147461.07304 0.00528237578672
-1149902.47929 0.0109739806449
-1152343.88554 0.00998383432019
-1154785.29179 0.00580950048083
-1157226.69804 0.00783310499722
-1159668.10429 0.00962850932072
-1162109.51054 0.00736108304183
-1164550.91679 0.0072816947412
-1166992.32304 0.0104211925612
-1169433.72929 0.0109005852596
-1171875.13554 0.00930085030057
-1174316.54179 0.0111639154526
-1176757.94804 0.011057582573
-1179199.35429 0.0101351873749
-1181640.76054 0.0100138398362
-1184082.16679 0.0105041063856
-1186523.57304 0.00658999790488
-1188964.97929 0.00771466975249
-1191406.38554 0.0098850749205
-1193847.79179 0.00833138724718
-1196289.19804 0.0131061288022
-1198730.60429 0.00582050040837
-1201172.01054 0.00616334240673
-1203613.41679 0.00705122462731
-1206054.82304 0.0103524722476
-1208496.22929 0.00554729367908
-1210937.63554 0.00326809523637
-1213379.04179 0.00436909961445
-1215820.44804 0.00178683108202
-1218261.85429 0.00539068685658
-1220703.26054 0.00394321313171
-1223144.66679 0.00835126893001
-1225586.07304 0.00729558588937
-1228027.47929 0.00330739296374
-1230468.88554 0.00581819032054
-1232910.29179 0.00564260633445
-1235351.69804 0.00241767803942
-1237793.10429 0.00325354450207
-1240234.51054 0.00666222291587
-1242675.91679 0.00647523503945
-1245117.32304 0.00512947872776
-1247558.72929 0.00587149227741
-1250000.13554 0.00762518263917
-1252441.54179 0.00610680181399
-1254882.94804 0.00708788343387
-1257324.35429 0.0052774179249
-1259765.76054 0.00557996812242
-1262207.16679 0.00368305779746
-1264648.57304 0.0100789569267
-1267089.97929 0.00623450403084
-1269531.38554 0.00926550497625
-1271972.79179 0.00642172836227
-1274414.19804 0.00857197488025
-1276855.60429 0.00510904372718
-1279297.01054 0.00891680260147
-1281738.41679 0.00699145027139
-1284179.82304 0.00926459646959
-1286621.22929 0.00611548760964
-1289062.63554 0.00605105570853
-1291504.04179 0.00934246362966
-1293945.44804 0.00555148660558
-1296386.85429 0.00781793572494
-1298828.26054 0.00480628038763
-1301269.66679 0.00788349726703
-1303711.07304 0.00672874190416
-1306152.47929 0.00743025285992
-1308593.88554 0.00978416876634
-1311035.29179 0.00817302149898
-1313476.69804 0.00941261400939
-1315918.10429 0.00631853206981
-1318359.51054 0.0092447497733
-1320800.91679 0.00368155868793
-1323242.32304 0.00423653215721
-1325683.72929 0.00511668514422
-1328125.13554 0.00513293964839
-1330566.54179 0.008868606503
-1333007.94804 0.00369751621791
-1335449.35429 0.00356316727737
-1337890.76054 0.00513949322676
-1340332.16679 0.00581025096081
-1342773.57304 0.00668960807195
-1345214.97929 0.00135259155881
-1347656.38554 0.00394843667778
-1350097.79179 0.00981018090183
-1352539.19804 0.00551891521037
-1354980.60429 0.00480959816997
-1357422.01054 0.00432073876234
-1359863.41679 0.00602350085354
-1362304.82304 0.00724453551092
-1364746.22929 0.0096438788955
-1367187.63554 0.00608728870479
-1369629.04179 0.0024432163827
-1372070.44804 0.00581864561158
-1374511.85429 0.00420255438222
-1376953.26054 0.00239194896477
-1379394.66679 0.00581245272805
-1381836.07304 0.0054780898866
-1384277.47929 0.00402273302202
-1386718.88554 0.00660232455087
-1389160.29179 0.00363311608738
-1391601.69804 0.00842293660432
-1394043.10429 0.00524024948932
-1396484.51054 0.00762039148716
-1398925.91679 0.00317599601016
-1401367.32304 0.00528300387113
-1403808.72929 0.00505081932492
-1406250.13554 0.00591909993224
-1408691.54179 0.00693742408091
-1411132.94804 0.00347435204349
-1413574.35429 0.00381115855162
-1416015.76054 0.0038746895693
-1418457.16679 0.0048497873815
-1420898.57304 0.00508946357822
-1423339.97929 0.00668619455973
-1425781.38554 0.0029651289752
-1428222.79179 0.00165075844364
-1430664.19804 0.00584617758484
-1433105.60429 0.00552879774829
-1435547.01054 0.00717594413118
-1437988.41679 0.00485062281927
-1440429.82304 0.00549582688096
-1442871.22929 0.00507135988885
-1445312.63554 0.00834729200984
-1447754.04179 0.00658791497236
-1450195.44804 0.00643500282902
-1452636.85429 0.00577184093864
-1455078.26054 0.00713638527982
-1457519.66679 0.00623768295423
-1459961.07304 0.00799258525606
-1462402.47929 0.005809628679
-1464843.88554 0.00587743739563
-1467285.29179 0.00696974086249
-1469726.69804 0.00641111236404
-1472168.10429 0.00714833945769
-1474609.51054 0.00526891349581
-1477050.91679 0.00628978875023
-1479492.32304 0.00638119046831
-1481933.72929 0.00502261168619
-1484375.13554 0.00760788127432
-1486816.54179 0.00645768291829
-1489257.94804 0.00431694221104
-1491699.35429 0.00501382648619
-1494140.76054 0.00507700494961
-1496582.16679 0.005928152861
-1499023.57304 0.00742490079667
-1501464.97929 0.00787147754881
-1503906.38554 0.00885407622767
-1506347.79179 0.0086149213934
-1508789.19804 0.00416912895723
-1511230.60429 0.00529951136746
-1513672.01054 0.0066709653727
-1516113.41679 0.00489636645043
-1518554.82304 0.0063184049882
-1520996.22929 0.00630355907364
-1523437.63554 0.00595114712386
-1525879.04179 0.00708408912823
-1528320.44804 0.00317491594749
-1530761.85429 0.00986293532063
-1533203.26054 0.00520419959511
-1535644.66679 0.00627102507598
-1538086.07304 0.00517347313576
-1540527.47929 0.00758738946707
-1542968.88554 0.00577631610952
-1545410.29179 0.00463234925668
-1547851.69804 0.0064207838016
-1550293.10429 0.00750083372709
-1552734.51054 0.00275839509402
-1555175.91679 0.00471201428635
-1557617.32304 0.00448118463111
-1560058.72929 0.0033468341377
-1562500.13554 0.00636912956896
-1564941.54179 0.00313466514966
-1567382.94804 0.00647109029445
-1569824.35429 0.00473059343443
-1572265.76054 0.00378633340856
-1574707.16679 0.0069829120759
-1577148.57304 0.0058783294208
-1579589.97929 0.00501740642655
-1582031.38554 0.00851498789692
-1584472.79179 0.00669328168554
-1586914.19804 0.00887755466129
-1589355.60429 0.0082069303138
-1591797.01054 0.00747830296793
-1594238.41679 0.00935810901318
-1596679.82304 0.0094418713931
-1599121.22929 0.00431075851646
-1601562.63554 0.00995107024983
-1604004.04179 0.0077156985608
-1606445.44804 0.00937422564928
-1608886.85429 0.00619798919131
-1611328.26054 0.0059229549235
-1613769.66679 0.00765283930219
-1616211.07304 0.00506428561459
-1618652.47929 0.00751669201361
-1621093.88554 0.00527705204568
-1623535.29179 0.00517959116678
-1625976.69804 0.00851148720827
-1628418.10429 0.0065584792753
-1630859.51054 0.00303619927631
-1633300.91679 0.00488440338757
-1635742.32304 0.00468523364605
-1638183.72929 0.00455786911443
-1640625.13554 0.00832100443138
-1643066.54179 0.00441669808648
-1645507.94804 0.00643084938115
-1647949.35429 0.00346904798203
-1650390.76054 0.00487853737669
-1652832.16679 0.00592395442473
-1655273.57304 0.00343354605868
-1657714.97929 0.00333220731709
-1660156.38554 0.00596029593643
-1662597.79179 0.00342810825566
-1665039.19804 0.00401130279833
-1667480.60429 0.00863491831728
-1669922.01054 0.00619867979578
-1672363.41679 0.00408501780281
-1674804.82304 0.00545462711201
-1677246.22929 0.00481496882372
-1679687.63554 0.0060676517784
-1682129.04179 0.00707284661989
-1684570.44804 0.00344034492508
-1687011.85429 0.00526917967403
-1689453.26054 0.00363829099422
-1691894.66679 0.00642966211655
-1694336.07304 0.00321957676275
-1696777.47929 0.00435265155572
-1699218.88554 0.00404188546448
-1701660.29179 0.00456097559769
-1704101.69804 0.00464571997735
-1706543.10429 0.00528183373072
-1708984.51054 0.00422598100317
-1711425.91679 0.00474257229466
-1713867.32304 0.004342893852
-1716308.72929 0.00494495012181
-1718750.13554 0.00345315687644
-1721191.54179 0.00428629899278
-1723632.94804 0.00734096582265
-1726074.35429 0.00239920974188
-1728515.76054 0.00655072932118
-1730957.16679 0.00441290919914
-1733398.57304 0.00435559052789
-1735839.97929 0.00550870348663
-1738281.38554 0.003076395515
-1740722.79179 0.0057195918715
-1743164.19804 0.00373765765511
-1745605.60429 0.00413063879903
-1748047.01054 0.00283780547252
-1750488.41679 0.00523375074673
-1752929.82304 0.00574731844832
-1755371.22929 0.00407201978525
-1757812.63554 0.00442829106488
-1760254.04179 0.00571113467788
-1762695.44804 0.00331173435689
-1765136.85429 0.002791590031
-1767578.26054 0.00210291223772
-1770019.66679 0.00661857027658
-1772461.07304 0.00968747122845
-1774902.47929 0.00508376862408
-1777343.88554 0.00545731901937
-1779785.29179 0.00183492574583
-1782226.69804 0.00558927436411
-1784668.10429 0.00451727106142
-1787109.51054 0.00637171440905
-1789550.91679 0.00506047392825
-1791992.32304 0.00398529604901
-1794433.72929 0.00146774881443
-1796875.13554 0.00215850906044
-1799316.54179 0.00390945782128
-1801757.94804 0.00362765908605
-1804199.35429 0.00463426150625
-1806640.76054 0.00360198456752
-1809082.16679 0.00320523521147
-1811523.57304 0.00529996106566
-1813964.97929 0.00469875187112
-1816406.38554 0.00309328932408
-1818847.79179 0.00483188547063
-1821289.19804 0.00420347194797
-1823730.60429 0.00159305715537
-1826172.01054 0.0043217263426
-1828613.41679 0.00373699405158
-1831054.82304 0.00347769892912
-1833496.22929 0.00266248421458
-1835937.63554 0.00392477130984
-1838379.04179 0.00303745847042
-1840820.44804 0.00371464056896
-1843261.85429 0.0047260415791
-1845703.26054 0.00387386259381
-1848144.66679 0.00542980403958
-1850586.07304 0.00683635529928
-1853027.47929 0.00333116113463
-1855468.88554 0.00492557340249
-1857910.29179 0.00392696660718
-1860351.69804 0.00226868684806
-1862793.10429 0.00414820464345
-1865234.51054 0.00474731254648
-1867675.91679 0.00440092720769
-1870117.32304 0.00434354579773
-1872558.72929 0.005234406631
-1875000.13554 0.00323235104168
-1877441.54179 0.0034039371408
-1879882.94804 0.00708681846123
-1882324.35429 0.00441797441019
-1884765.76054 0.00341293795168
-1887207.16679 0.0017312652655
-1889648.57304 0.00276170604644
-1892089.97929 0.00412999720084
-1894531.38554 0.00159699663647
-1896972.79179 0.002617322076
-1899414.19804 0.00218730373352
-1901855.60429 0.00323758969937
-1904297.01054 0.00504281900953
-1906738.41679 0.00546312932604
-1909179.82304 0.00410812754757
-1911621.22929 0.00498847345418
-1914062.63554 0.00462457418446
-1916504.04179 0.00667940202501
-1918945.44804 0.00284799426542
-1921386.85429 0.00519426540096
-1923828.26054 0.00624804329216
-1926269.66679 0.0026789563611
-1928711.07304 0.00571061620249
-1931152.47929 0.00691506298366
-1933593.88554 0.00520883466871
-1936035.29179 0.00301383320156
-1938476.69804 0.00319541098457
-1940918.10429 0.0064766302862
-1943359.51054 0.00372348312971
-1945800.91679 0.00437679771302
-1948242.32304 0.00204501971128
-1950683.72929 0.00403574110476
-1953125.13554 0.00323505726106
-1955566.54179 0.00441082331701
-1958007.94804 0.00112170659864
-1960449.35429 0.00418032362322
-1962890.76054 0.00238259392213
-1965332.16679 0.00312747177648
-1967773.57304 0.00366349852828
-1970214.97929 0.00683583541539
-1972656.38554 0.00233934149938
-1975097.79179 0.00167028165487
-1977539.19804 0.0016332973936
-1979980.60429 0.00499159572497
-1982422.01054 0.00419750823292
-1984863.41679 0.00227553520328
-1987304.82304 0.00153768594708
-1989746.22929 0.00406239640671
-1992187.63554 0.00470377973284
-1994629.04179 0.00145325650536
-1997070.44804 0.00423549229195
-1999511.85429 0.00544152810732
-2001953.26054 0.0052233622299
-2004394.66679 0.00572716535921
-2006836.07304 0.00244121680565
-2009277.47929 0.00414677434752
-2011718.88554 0.00247567047064
-2014160.29179 0.00377277487455
-2016601.69804 0.00287130877654
-2019043.10429 0.0036271006142
-2021484.51054 0.00563880782806
-2023925.91679 0.00396778562175
-2026367.32304 0.00155426960571
-2028808.72929 0.00280963028267
-2031250.13554 0.00442709510252
-2033691.54179 0.00439548177646
-2036132.94804 0.004816939227
-2038574.35429 0.00407600861211
-2041015.76054 0.00524710294122
-2043457.16679 0.00313654647285
-2045898.57304 0.00469322075456
-2048339.97929 0.00594533333863
-2050781.38554 0.00446829020766
-2053222.79179 0.00249097436357
-2055664.19804 0.00225172166911
-2058105.60429 0.00380840018109
-2060547.01054 0.00112254081128
-2062988.41679 0.00314069852056
-2065429.82304 0.0030922538338
-2067871.22929 0.0036707231609
-2070312.63554 0.00931081603401
-2072754.04179 0.00391211578754
-2075195.44804 0.00510779354569
-2077636.85429 0.00279618059188
-2080078.26054 0.003558594106
-2082519.66679 0.00329018713565
-2084961.07304 0.00284047986677
-2087402.47929 0.00160460988998
-2089843.88554 0.00375326916238
-2092285.29179 0.00274212073534
-2094726.69804 0.00149186657311
-2097168.10429 0.00219324079508
-2099609.51054 0.00308644610437
-2102050.91679 0.00355580213835
-2104492.32304 0.00280612573331
-2106933.72929 0.00439268351799
-2109375.13554 0.00231281194647
-2111816.54179 0.00129505934363
-2114257.94804 0.00192947463167
-2116699.35429 0.00197797854259
-2119140.76054 0.00441559270206
-2121582.16679 0.00148715989089
-2124023.57304 0.00210631919067
-2126464.97929 0.00325534625641
-2128906.38554 0.00436926219176
-2131347.79179 0.00459565730301
-2133789.19804 0.00292606096641
-2136230.60429 0.0011126467066
-2138672.01054 0.00306056240277
-2141113.41679 0.00244016690113
-2143554.82304 0.00565226907146
-2145996.22929 0.00270006103624
-2148437.63554 0.00248048014545
-2150879.04179 0.00243564457463
-2153320.44804 0.00164351279688
-2155761.85429 0.00337771421869
-2158203.26054 0.00407020923667
-2160644.66679 0.00296586075518
-2163086.07304 0.00335313474588
-2165527.47929 0.00106853018691
-2167968.88554 0.0021330274186
-2170410.29179 0.00218499392815
-2172851.69804 0.00121992615932
-2175293.10429 0.00203126168178
-2177734.51054 0.0026586894263
-2180175.91679 0.00200230575
-2182617.32304 0.00356820829434
-2185058.72929 0.00321320578147
-2187500.13554 0.00070930893494
-2189941.54179 0.00322016095541
-2192382.94804 0.0038082659748
-2194824.35429 0.00287707722526
-2197265.76054 0.0038651556019
-2199707.16679 0.000821213417388
-2202148.57304 0.0044901073679
-2204589.97929 0.00318142418299
-2207031.38554 0.0022491313756
-2209472.79179 0.000513709310051
-2211914.19804 0.00435242172958
-2214355.60429 0.00172341799605
-2216797.01054 0.00428170445177
-2219238.41679 0.00442499360624
-2221679.82304 0.00369755851711
-2224121.22929 0.0012880172714
-2226562.63554 0.00360663694709
-2229004.04179 0.000618022353389
-2231445.44804 0.00268338538907
-2233886.85429 0.00293254037628
-2236328.26054 0.00378378699551
-2238769.66679 0.00255833779598
-2241211.07304 0.00154174185841
-2243652.47929 0.00359536448892
-2246093.88554 0.00431298021541
-2248535.29179 0.00216803061837
-2250976.69804 0.00295938241645
-2253418.10429 0.00628523015319
-2255859.51054 0.0047825286889
-2258300.91679 0.0023512035301
-2260742.32304 0.00175669108535
-2263183.72929 0.00202642430403
-2265625.13554 0.00329737845858
-2268066.54179 0.00499373254895
-2270507.94804 0.000124262058984
-2272949.35429 0.00192222013234
-2275390.76054 0.00252488811988
-2277832.16679 0.00163585124934
-2280273.57304 0.00241747760344
-2282714.97929 0.00255913969757
-2285156.38554 0.00243541943244
-2287597.79179 0.000611032440383
-2290039.19804 0.00163019482032
-2292480.60429 0.00261383464897
-2294922.01054 0.00200730050847
-2297363.41679 0.00127006044257
-2299804.82304 0.000400925411132
-2302246.22929 0.00166959483045
-2304687.63554 0.00112468468465
-2307129.04179 0.00192989170692
-2309570.44804 0.00299940770109
-2312011.85429 0.00195031627379
-2314453.26054 0.00243345227983
-2316894.66679 0.00223837176205
-2319336.07304 0.00390004513301
-2321777.47929 0.00606944765952
-2324218.88554 0.000982639354782
-2326660.29179 0.000726609354466
-2329101.69804 0.00133096969275
-2331543.10429 0.00101799703011
-2333984.51054 0.00429283564352
-2336425.91679 0.000998171718674
-2338867.32304 0.00183500895112
-2341308.72929 0.00344785801104
-2343750.13554 0.000842068523706
-2346191.54179 0.000799675010558
-2348632.94804 0.00114411083187
-2351074.35429 0.00173300639658
-2353515.76054 0.00478529858707
-2355957.16679 0.000614399462731
-2358398.57304 0.00446165714153
-2360839.97929 0.00218758207405
-2363281.38554 0.00408938177928
-2365722.79179 0.00284614021831
-2368164.19804 0.00239228716399
-2370605.60429 0.00230516214896
-2373047.01054 0.00151475759826
-2375488.41679 0.00214028857406
-2377929.82304 0.00161308575379
-2380371.22929 0.00311610703974
-2382812.63554 0.00188812160882
-2385254.04179 0.00248460053241
-2387695.44804 0.000992035913504
-2390136.85429 0.00157902488547
-2392578.26054 0.000656657431421
-2395019.66679 0.00192584475529
-2397461.07304 0.000425846687395
-2399902.47929 0.000946071237794
-2402343.88554 0.00241655800344
-2404785.29179 0.00144631719469
-2407226.69804 0.00310620787317
-2409668.10429 0.0010638084065
-2412109.51054 0.00350346195807
-2414550.91679 0.000589717246715
-2416992.32304 0.00278300093628
-2419433.72929 0.00268079059646
-2421875.13554 0.00347945819014
-2424316.54179 0.00259274138684
-2426757.94804 0.00177773153458
-2429199.35429 0.00138817890177
-2431640.76054 0.000903203158419
-2434082.16679 0.000416458577357
-2436523.57304 0.00313213569049
-2438964.97929 0.00207735094048
-2441406.38554 0.00180863134927
-2443847.79179 0.00216847565397
-2446289.19804 0.000627281185698
-2448730.60429 0.000582398100605
-2451172.01054 0.00225197902568
-2453613.41679 0.00175710625703
-2456054.82304 0.000863179080679
-2458496.22929 0.00100520727088
-2460937.63554 0.00507646361306
-2463379.04179 0.00275209615197
-2465820.44804 0.00319361331257
-2468261.85429 0.00334280110844
-2470703.26054 0.0025916007372
-2473144.66679 0.00225482968548
-2475586.07304 0.00243848611365
-2478027.47929 0.00350066737336
-2480468.88554 0.00110273390051
-2482910.29179 0.00177438938416
-2485351.69804 0.00136772489707
-2487793.10429 0.00225797568513
-2490234.51054 0.00127604129834
-2492675.91679 0.00171430117033
-2495117.32304 0.0014776016926
-2497558.72929 0.00170963045988
