31249.998868 0.00148380667251
31005.858243 0.00148528424767
30761.717618 0.00148679712646
30517.576993 0.00148834644256
30273.436368 0.00148993337549
30029.295743 0.0014915591529
29785.155118 0.00149322505294
29541.014493 0.00149493240675
29296.873868 0.00149668260114
29052.733243 0.00149847708141
28808.592618 0.0015003173543
28564.451993 0.0015022049912
28320.311368 0.00150414163147
28076.170743 0.00150612898602
27832.030118 0.00150816884108
27587.889493 0.00151026306222
27343.748868 0.00151241359861
27099.608243 0.00151462248755
26855.467618 0.00151689185933
26611.326993 0.00151922394232
26367.186368 0.00152162106848
26123.045743 0.00152408567916
25878.905118 0.00152662033134
25634.764493 0.00152922770425
25390.623868 0.00153191060648
25146.483243 0.00153467198349
24902.342618 0.00153751492575
24658.201993 0.00154044267737
24414.061368 0.00154345864533
24169.920743 0.00154656640946
23925.780118 0.00154976973298
23681.639493 0.00155307257397
23437.498868 0.00155647909757
23193.358243 0.00155999368909
22949.217618 0.00156362096817
22705.076993 0.00156736580395
22460.936368 0.0015712333314
22216.795743 0.00157522896895
21972.655118 0.00157935843746
21728.514493 0.00158362778069
21484.373868 0.00158804338747
21240.233243 0.00159261201555
20996.092618 0.00159734081751
20751.951993 0.00160223736873
20507.811368 0.00160730969777
20263.670743 0.00161256631925
20019.530118 0.00161801626964
19775.389493 0.0016236691461
19531.248868 0.00162953514873
19287.108243 0.00163562512658
19042.967618 0.00164195062791
18798.826993 0.00164852395487
18554.686368 0.0016553582234
18310.545743 0.00166246742866
18066.405118 0.00166986651671
17822.264493 0.00167757146311
17578.123868 0.00168559935917
17333.983243 0.0016939685068
17089.842618 0.00170269852289
16845.701993 0.00171181045425
16601.561368 0.00172132690461
16357.420743 0.00173127217482
16113.280118 0.00174167241809
15869.139493 0.00175255581202
15624.998868 0.00176395274958
15380.858243 0.00177589605141
15136.717618 0.00178842120224
14892.576993 0.00180156661469
14648.436368 0.00181537392391
14404.295743 0.00182988831751
14160.155118 0.00184515890552
13916.014493 0.00186123913614
13671.873868 0.00187818726373
13427.733243 0.00189606687686
13183.592618 0.00191494749518
12939.451993 0.00193490524583
12695.311368 0.0019560236314
12451.170743 0.00197839440419
12207.030118 0.00200211856367
11962.889493 0.00202730749762
11718.748868 0.00205408429083
11474.608243 0.00208258523033
11230.467618 0.00211296154143
10986.326993 0.002145381396
10742.186368 0.00218003224281
10498.045743 0.00221712352044
10253.905118 0.00225688982609
10009.764493 0.00229959463009
9765.623868 0.00234553464608
9521.483243 0.00239504499259
9277.342618 0.00244850531402
9033.201993 0.00250634707027
8789.061368 0.00256906225713
8544.920743 0.00263721388736
8300.780118 0.00271144865071
8056.639493 0.00279251228586
7812.498868 0.00288126834909
7568.358243 0.00297872126457
7324.217618 0.00308604480944
7080.076993 0.00320461754814
6835.936368 0.00333606722186
6591.795743 0.00348232677393
6347.655118 0.00364570562973
6103.514493 0.00382898116461
5859.373868 0.00403551716264
5615.233243 0.00426941875764
5371.092618 0.00453573727045
5126.951993 0.00484074416397
4882.811368 0.00519230207483
4638.670743 0.00560037425787
4394.530118 0.00607773465219
4150.389493 0.006640974029
3906.248868 0.0073119518739
3662.108243 0.00811993422492
3417.967618 0.00910481332599
3173.826993 0.0103220808435
2929.686368 0.0118507327561
2685.545743 0.0138062506213
2441.405118 0.0163627332805
2197.264493 0.0197923062102
1953.123868 0.0245389687827
1708.983243 0.031365605806
1464.842618 0.0416687070167
1220.701993 0.0582141569296
976.561368 0.0870512836759
732.420743 0.143148803178
488.280118 0.268826060798
244.139493 0.579818881743
-0.001132 0.978841236113
-244.141757 0.617929141234
-488.282382 0.285039008802
-732.423007 0.149897982578
-976.563632 0.0903070892432
-1220.704257 0.0599934744193
-1464.844882 0.0427365091132
-1708.985507 0.0320531581451
-1953.126132 0.0250063317762
-2197.266757 0.02012386412
-2441.407382 0.0166061895332
-2685.548007 0.013990145215
-2929.688632 0.0119929579777
-3173.829257 0.0104343015181
-3417.969882 0.00919489105263
-3662.110507 0.00819332053379
-3906.251132 0.00737252161731
-4150.391757 0.00669154156368
-4394.532382 0.00612038342668
-4638.673007 0.00563667297904
-4882.813632 0.00522344990328
-5126.954257 0.00486767033836
-5371.094882 0.00455917078476
-5615.235507 0.00428993794408
-5859.376132 0.00405358553389
-6103.516757 0.00384497369726
-6347.657382 0.00365992829279
-6591.798007 0.00349503121441
-6835.938632 0.00334746193205
-7080.079257 0.00321487644524
-7324.219882 0.00309531389036
-7568.360507 0.00298712381384
-7812.501132 0.0028889090483
-8056.641757 0.00279948048151
-8300.782382 0.00271782097179
-8544.923007 0.00264305635636
-8789.063632 0.00257443200338
-9033.204257 0.0025112937291
-9277.344882 0.00245307217569
-9521.485507 0.00239926995094
-9765.626132 0.00234945098584
-10009.766757 0.00230323168338
-10253.907382 0.0022602735224
-10498.048007 0.00222027684938
-10742.188632 0.00218297564511
-10986.329257 0.00214813309514
-11230.469882 0.00211553782605
-11474.610507 0.00208500069555
-11718.751132 0.00205635204516
-11962.891757 0.00202943934101
-12207.032382 0.00200412514114
-12451.173007 0.00198028533882
-12695.313632 0.00195780763986
-12939.454257 0.00193659023887
-13183.594882 0.00191654066543
-13427.735507 0.00189757477563
-13671.876132 0.00187961586843
-13916.016757 0.00186259390952
-14160.157382 0.00184644484799
-14404.298007 0.00183111001325
-14648.438632 0.0018165355818
-14892.579257 0.00180267210456
-15136.719882 0.00178947408712
-15380.860507 0.00177689961625
-15625.001132 0.00176491002693
-15869.141757 0.00175346960488
-16113.282382 0.00174254532051
-16357.423007 0.00173210659027
-16601.563632 0.00172212506257
-16845.704257 0.00171257442507
-17089.844882 0.00170343023125
-17333.985507 0.00169466974385
-17578.126132 0.00168627179344
-17822.266757 0.00167821665052
-18066.407382 0.00167048590951
-18310.548007 0.00166306238363
-18554.688632 0.00165593000928
-18798.829257 0.00164907375912
-19042.969882 0.0016424795629
-19287.110507 0.00163613423521
-19531.251132 0.00163002540954
-19775.391757 0.00162414147802
-20019.532382 0.00161847153627
-20263.673007 0.00161300533281
-20507.813632 0.00160773322274
-20751.954257 0.00160264612517
-20996.094882 0.00159773548412
-21240.235507 0.00159299323248
-21484.376132 0.00158841175893
-21728.516757 0.00158398387735
-21972.657382 0.00157970279863
-22216.798007 0.00157556210467
-22460.938632 0.00157155572428
-22705.079257 0.00156767791095
-22949.219882 0.00156392322222
-23193.360507 0.00156028650056
-23437.501132 0.00155676285571
-23681.641757 0.00155334764817
-23925.782382 0.00155003647397
-24169.923007 0.00154682515045
-24414.063632 0.00154370970306
-24658.204257 0.00154068635302
-24902.344882 0.00153775150592
-25146.485507 0.001534901741
-25390.626132 0.00153213380115
-25634.766757 0.00152944458366
-25878.907382 0.0015268311315
-26123.048007 0.00152429062516
-26367.188632 0.00152182037509
-26611.329257 0.00151941781456
-26855.469882 0.00151708049296
-27099.610507 0.00151480606962
-27343.751132 0.00151259230788
-27587.891757 0.00151043706962
-27832.032382 0.00150833831012
-28076.173007 0.00150629407314
-28320.313632 0.00150430248645
-28564.454257 0.00150236175747
-28808.594882 0.00150047016926
-29052.735507 0.00149862607673
-29296.876132 0.00149682790307
-29541.016757 0.00149507413635
-29785.157382 0.00149336332636
-30029.298007 0.0014916940816
-30273.438632 0.00149006506647
-30517.579257 0.0014884749986
-30761.719882 0.00148692264627
-31005.860507 0.0014854068261
