249999.990945 0.0289160439822
249755.85032 0.0289181542516
249511.709695 0.0289202707089
249267.56907 0.0289223933782
249023.428445 0.028924522284
248779.28782 0.0289266574506
248535.147195 0.0289287989026
248291.00657 0.0289309466648
248046.865945 0.0289331007619
247802.72532 0.0289352612188
247558.584695 0.0289374280606
247314.44407 0.0289396013125
247070.303445 0.0289417809997
246826.16282 0.0289439671478
246582.022195 0.0289461597822
246337.88157 0.0289483589286
246093.740945 0.0289505646128
245849.60032 0.0289527768608
245605.459695 0.0289549956986
245361.31907 0.0289572211523
245117.178445 0.0289594532484
244873.03782 0.0289616920133
244628.897195 0.0289639374735
244384.75657 0.0289661896558
244140.615945 0.028968448587
243896.47532 0.028970714294
243652.334695 0.0289729868041
243408.19407 0.0289752661444
243164.053445 0.0289775523424
242919.91282 0.0289798454256
242675.772195 0.0289821454216
242431.63157 0.0289844523582
242187.490945 0.0289867662634
241943.35032 0.0289890871653
241699.209695 0.0289914150921
241455.06907 0.0289937500721
241210.928445 0.0289960921339
240966.78782 0.0289984413061
240722.647195 0.0290007976175
240478.50657 0.0290031610971
240234.365945 0.029005531774
239990.22532 0.0290079096774
239746.084695 0.0290102948367
239501.94407 0.0290126872814
239257.803445 0.0290150870412
239013.66282 0.029017494146
238769.522195 0.0290199086257
238525.38157 0.0290223305105
238281.240945 0.0290247598308
238037.10032 0.0290271966169
237792.959695 0.0290296408994
237548.81907 0.0290320927092
237304.678445 0.0290345520771
237060.53782 0.0290370190343
236816.397195 0.029039493612
236572.25657 0.0290419758415
236328.115945 0.0290444657545
236083.97532 0.0290469633827
235839.834695 0.029049468758
235595.69407 0.0290519819124
235351.553445 0.0290545028782
235107.41282 0.0290570316878
234863.272195 0.0290595683737
234619.13157 0.0290621129686
234374.990945 0.0290646655055
234130.85032 0.0290672260174
233886.709695 0.0290697945375
233642.56907 0.0290723710993
233398.428445 0.0290749557364
233154.28782 0.0290775484825
232910.147195 0.0290801493716
232666.00657 0.0290827584378
232421.865945 0.0290853757154
232177.72532 0.0290880012389
231933.584695 0.0290906350429
231689.44407 0.0290932771622
231445.303445 0.029095927632
231201.16282 0.0290985864874
230957.022195 0.0291012537638
230712.88157 0.0291039294967
230468.740945 0.029106613722
230224.60032 0.0291093064757
229980.459695 0.0291120077938
229736.31907 0.0291147177127
229492.178445 0.029117436269
229248.03782 0.0291201634993
229003.897195 0.0291228994406
228759.75657 0.0291256441301
228515.615945 0.029128397605
228271.47532 0.0291311599028
228027.334695 0.0291339310614
227783.19407 0.0291367111185
227539.053445 0.0291395001123
227294.91282 0.0291422980812
227050.772195 0.0291451050636
226806.63157 0.0291479210984
226562.490945 0.0291507462244
226318.35032 0.0291535804809
226074.209695 0.0291564239071
225830.06907 0.0291592765427
225585.928445 0.0291621384275
225341.78782 0.0291650096014
225097.647195 0.0291678901048
224853.50657 0.029170779978
224609.365945 0.0291736792617
224365.22532 0.0291765879968
224121.084695 0.0291795062244
223876.94407 0.0291824339858
223632.803445 0.0291853713226
223388.66282 0.0291883182766
223144.522195 0.0291912748897
222900.38157 0.0291942412043
222656.240945 0.0291972172627
222412.10032 0.0292002031077
222167.959695 0.0292031987823
221923.81907 0.0292062043295
221679.678445 0.0292092197928
221435.53782 0.0292122452159
221191.397195 0.0292152806426
220947.25657 0.0292183261171
220703.115945 0.0292213816837
220458.97532 0.0292244473871
220214.834695 0.0292275232721
219970.69407 0.0292306093839
219726.553445 0.0292337057678
219482.41282 0.0292368124693
219238.272195 0.0292399295345
218994.13157 0.0292430570094
218749.990945 0.0292461949404
218505.85032 0.0292493433741
218261.709695 0.0292525023574
218017.56907 0.0292556719376
217773.428445 0.0292588521619
217529.28782 0.0292620430782
217285.147195 0.0292652447343
217041.00657 0.0292684571786
216796.865945 0.0292716804594
216552.72532 0.0292749146256
216308.584695 0.0292781597261
216064.44407 0.0292814158105
215820.303445 0.0292846829281
215576.16282 0.029287961129
215332.022195 0.0292912504632
215087.88157 0.0292945509812
214843.740945 0.0292978627338
214599.60032 0.029301185772
214355.459695 0.029304520147
214111.31907 0.0293078659105
213867.178445 0.0293112231144
213623.03782 0.0293145918109
213378.897195 0.0293179720524
213134.75657 0.0293213638917
212890.615945 0.029324767382
212646.47532 0.0293281825766
212402.334695 0.0293316095292
212158.19407 0.0293350482938
211914.053445 0.0293384989248
211669.91282 0.0293419614768
211425.772195 0.0293454360047
211181.63157 0.0293489225639
210937.490945 0.0293524212097
210693.35032 0.0293559319983
210449.209695 0.0293594549857
210205.06907 0.0293629902286
209960.928445 0.0293665377839
209716.78782 0.0293700977087
209472.647195 0.0293736700605
209228.50657 0.0293772548974
208984.365945 0.0293808522774
208740.22532 0.0293844622591
208496.084695 0.0293880849014
208251.94407 0.0293917202637
208007.803445 0.0293953684053
207763.66282 0.0293990293864
207519.522195 0.0294027032671
207275.38157 0.0294063901081
207031.240945 0.0294100899705
206787.10032 0.0294138029155
206542.959695 0.0294175290049
206298.81907 0.0294212683008
206054.678445 0.0294250208656
205810.53782 0.0294287867622
205566.397195 0.0294325660536
205322.25657 0.0294363588036
205078.115945 0.029440165076
204833.97532 0.0294439849352
204589.834695 0.0294478184458
204345.69407 0.029451665673
204101.553445 0.0294555266822
203857.41282 0.0294594015394
203613.272195 0.0294632903107
203369.13157 0.0294671930628
203124.990945 0.0294711098628
202880.85032 0.0294750407782
202636.709695 0.0294789858768
202392.56907 0.0294829452269
202148.428445 0.0294869188972
201904.28782 0.0294909069568
201660.147195 0.0294949094751
201416.00657 0.0294989265222
201171.865945 0.0295029581684
200927.72532 0.0295070044845
200683.584695 0.0295110655417
200439.44407 0.0295151414116
200195.303445 0.0295192321664
199951.16282 0.0295233378786
199707.022195 0.029527458621
199462.88157 0.0295315944672
199218.740945 0.029535745491
198974.60032 0.0295399117667
198730.459695 0.0295440933691
198486.31907 0.0295482903734
198242.178445 0.0295525028552
197998.03782 0.0295567308908
197753.897195 0.0295609745567
197509.75657 0.0295652339301
197265.615945 0.0295695090885
197021.47532 0.0295738001099
196777.334695 0.0295781070729
196533.19407 0.0295824300565
196289.053445 0.0295867691403
196044.91282 0.0295911244041
195800.772195 0.0295954959285
195556.63157 0.0295998837946
195312.490945 0.0296042880837
195068.35032 0.029608708878
194824.209695 0.0296131462598
194580.06907 0.0296176003124
194335.928445 0.0296220711192
194091.78782 0.0296265587642
193847.647195 0.0296310633322
193603.50657 0.0296355849083
193359.365945 0.0296401235781
193115.22532 0.0296446794279
192871.084695 0.0296492525443
192626.94407 0.0296538430148
192382.803445 0.0296584509272
192138.66282 0.0296630763699
191894.522195 0.0296677194319
191650.38157 0.0296723802027
191406.240945 0.0296770587724
191162.10032 0.0296817552318
190917.959695 0.029686469672
190673.81907 0.029691202185
190429.678445 0.0296959528632
190185.53782 0.0297007217995
189941.397195 0.0297055090876
189697.25657 0.0297103148218
189453.115945 0.0297151390969
189208.97532 0.0297199820082
188964.834695 0.0297248436519
188720.69407 0.0297297241245
188476.553445 0.0297346235235
188232.41282 0.0297395419467
187988.272195 0.0297444794927
187744.13157 0.0297494362607
187499.990945 0.0297544123505
187255.85032 0.0297594078625
187011.709695 0.029764422898
186767.56907 0.0297694575588
186523.428445 0.0297745119472
186279.28782 0.0297795861665
186035.147195 0.0297846803204
185791.00657 0.0297897945134
185546.865945 0.0297949288507
185302.72532 0.0298000834382
185058.584695 0.0298052583824
184814.44407 0.0298104537905
184570.303445 0.0298156697706
184326.16282 0.0298209064313
184082.022195 0.029826163882
183837.88157 0.0298314422328
183593.740945 0.0298367415946
183349.60032 0.0298420620789
183105.459695 0.0298474037981
182861.31907 0.0298527668653
182617.178445 0.0298581513942
182373.03782 0.0298635574995
182128.897195 0.0298689852965
181884.75657 0.0298744349014
181640.615945 0.029879906431
181396.47532 0.029885400003
181152.334695 0.0298909157359
180908.19407 0.0298964537489
180664.053445 0.0299020141622
180419.91282 0.0299075970965
180175.772195 0.0299132026737
179931.63157 0.0299188310162
179687.490945 0.0299244822474
179443.35032 0.0299301564914
179199.209695 0.0299358538733
178955.06907 0.029941574519
178710.928445 0.0299473185551
178466.78782 0.0299530861094
178222.647195 0.0299588773102
177978.50657 0.0299646922869
177734.365945 0.0299705311697
177490.22532 0.0299763940898
177246.084695 0.0299822811792
177001.94407 0.0299881925708
176757.803445 0.0299941283984
176513.66282 0.0300000887969
176269.522195 0.0300060739018
176025.38157 0.0300120838499
175781.240945 0.0300181187788
175537.10032 0.0300241788268
175292.959695 0.0300302641337
175048.81907 0.0300363748397
174804.678445 0.0300425110863
174560.53782 0.030048673016
174316.397195 0.0300548607722
174072.25657 0.0300610744993
173828.115945 0.0300673143427
173583.97532 0.0300735804488
173339.834695 0.0300798729652
173095.69407 0.0300861920403
172851.553445 0.0300925378238
172607.41282 0.0300989104661
172363.272195 0.030105310119
172119.13157 0.0301117369352
171874.990945 0.0301181910686
171630.85032 0.030124672674
171386.709695 0.0301311819074
171142.56907 0.030137718926
170898.428445 0.0301442838881
170654.28782 0.0301508769528
170410.147195 0.0301574982808
170166.00657 0.0301641480338
169921.865945 0.0301708263744
169677.72532 0.0301775334667
169433.584695 0.0301842694758
169189.44407 0.030191034568
168945.303445 0.0301978289109
168701.16282 0.0302046526733
168457.022195 0.0302115060249
168212.88157 0.0302183891371
167968.740945 0.0302253021822
167724.60032 0.030232245334
167480.459695 0.0302392187672
167236.31907 0.0302462226582
166992.178445 0.0302532571845
166748.03782 0.0302603225247
166503.897195 0.0302674188589
166259.75657 0.0302745463687
166015.615945 0.0302817052366
165771.47532 0.0302888956467
165527.334695 0.0302961177846
165283.19407 0.0303033718368
165039.053445 0.0303106579916
164794.91282 0.0303179764386
164550.772195 0.0303253273686
164306.63157 0.030332710974
164062.490945 0.0303401274486
163818.35032 0.0303475769876
163574.209695 0.0303550597877
163330.06907 0.030362576047
163085.928445 0.030370125965
162841.78782 0.0303777097429
162597.647195 0.0303853275833
162353.50657 0.0303929796903
162109.365945 0.0304006662695
161865.22532 0.0304083875281
161621.084695 0.0304161436749
161376.94407 0.0304239349201
161132.803445 0.0304317614757
160888.66282 0.0304396235551
160644.522195 0.0304475213735
160400.38157 0.0304554551476
160156.240945 0.0304634250958
159912.10032 0.0304714314381
159667.959695 0.0304794743962
159423.81907 0.0304875541937
159179.678445 0.0304956710555
158935.53782 0.0305038252085
158691.397195 0.0305120168813
158447.25657 0.0305202463042
158203.115945 0.0305285137093
157958.97532 0.0305368193304
157714.834695 0.0305451634033
157470.69407 0.0305535461654
157226.553445 0.0305619678561
156982.41282 0.0305704287165
156738.272195 0.0305789289897
156494.13157 0.0305874689206
156249.990945 0.0305960487561
156005.85032 0.0306046687449
155761.709695 0.0306133291377
155517.56907 0.0306220301873
155273.428445 0.0306307721481
155029.28782 0.0306395552769
154785.147195 0.0306483798322
154541.00657 0.0306572460748
154296.865945 0.0306661542674
154052.72532 0.0306751046748
153808.584695 0.0306840975638
153564.44407 0.0306931332035
153320.303445 0.030702211865
153076.16282 0.0307113338216
152832.022195 0.0307204993487
152587.88157 0.0307297087239
152343.740945 0.0307389622272
152099.60032 0.0307482601405
151855.459695 0.0307576027483
151611.31907 0.0307669903372
151367.178445 0.030776423196
151123.03782 0.0307859016161
150878.897195 0.030795425891
150634.75657 0.0308049963166
150390.615945 0.0308146131913
150146.47532 0.0308242768159
149902.334695 0.0308339874935
149658.19407 0.0308437455297
149414.053445 0.0308535512328
149169.91282 0.0308634049133
148925.772195 0.0308733068844
148681.63157 0.0308832574618
148437.490945 0.0308932569639
148193.35032 0.0309033057115
147949.209695 0.0309134040281
147705.06907 0.0309235522401
147460.928445 0.0309337506763
147216.78782 0.0309439996682
146972.647195 0.0309542995503
146728.50657 0.0309646506596
146484.365945 0.030975053336
146240.22532 0.0309855079222
145996.084695 0.0309960147638
145751.94407 0.0310065742093
145507.803445 0.0310171866099
145263.66282 0.0310278523201
145019.522195 0.0310385716969
144775.38157 0.0310493451007
144531.240945 0.0310601728948
144287.10032 0.0310710554454
144042.959695 0.0310819931219
143798.81907 0.0310929862969
143554.678445 0.0311040353461
143310.53782 0.0311151406483
143066.397195 0.0311263025855
142822.25657 0.0311375215431
142578.115945 0.0311487979097
142333.97532 0.0311601320772
142089.834695 0.0311715244407
141845.69407 0.031182975399
141601.553445 0.0311944853541
141357.41282 0.0312060547114
141113.272195 0.03121768388
140869.13157 0.0312293732723
140624.990945 0.0312411233044
140380.85032 0.031252934396
140136.709695 0.0312648069703
139892.56907 0.0312767414543
139648.428445 0.0312887382787
139404.28782 0.0313007978778
139160.147195 0.0313129206898
138916.00657 0.0313251071568
138671.865945 0.0313373577247
138427.72532 0.0313496728432
138183.584695 0.0313620529661
137939.44407 0.0313744985511
137695.303445 0.0313870100599
137451.16282 0.0313995879585
137207.022195 0.0314122327167
136962.88157 0.0314249448086
136718.740945 0.0314377247126
136474.60032 0.0314505729112
136230.459695 0.0314634898912
135986.31907 0.031476476144
135742.178445 0.031489532165
135498.03782 0.0315026584542
135253.897195 0.0315158555163
135009.75657 0.0315291238601
134765.615945 0.0315424639993
134521.47532 0.0315558764522
134277.334695 0.0315693617416
134033.19407 0.0315829203952
133789.053445 0.0315965529454
133544.91282 0.0316102599294
133300.772195 0.0316240418895
133056.63157 0.0316378993726
132812.490945 0.0316518329309
132568.35032 0.0316658431215
132324.209695 0.0316799305066
132080.06907 0.0316940956535
131835.928445 0.0317083391348
131591.78782 0.0317226615285
131347.647195 0.0317370634177
131103.50657 0.031751545391
130859.365945 0.0317661080424
130615.22532 0.0317807519715
130371.084695 0.0317954777834
130126.94407 0.0318102860889
129882.803445 0.0318251775043
129638.66282 0.0318401526519
129394.522195 0.0318552121598
129150.38157 0.0318703566618
128906.240945 0.0318855867979
128662.10032 0.0319009032139
128417.959695 0.0319163065619
128173.81907 0.0319317975
127929.678445 0.0319473766925
127685.53782 0.0319630448103
127441.397195 0.0319788025303
127197.25657 0.0319946505361
126953.115945 0.0320105895177
126708.97532 0.0320266201718
126464.834695 0.0320427432016
126220.69407 0.0320589593171
125976.553445 0.0320752692354
125732.41282 0.03209167368
125488.272195 0.0321081733819
125244.13157 0.0321247690787
124999.990945 0.0321414615156
124755.85032 0.0321582514446
124511.709695 0.0321751396254
124267.56907 0.0321921268247
124023.428445 0.0322092138171
123779.28782 0.0322264013845
123535.147195 0.0322436903164
123291.00657 0.0322610814104
123046.865945 0.0322785754716
122802.72532 0.0322961733132
122558.584695 0.0323138757565
122314.44407 0.0323316836306
122070.303445 0.0323495977732
121826.16282 0.0323676190302
121582.022195 0.0323857482557
121337.88157 0.0324039863127
121093.740945 0.0324223340725
120849.60032 0.0324407924154
120605.459695 0.0324593622302
120361.31907 0.0324780444149
120117.178445 0.0324968398765
119873.03782 0.032515749531
119628.897195 0.0325347743039
119384.75657 0.0325539151299
119140.615945 0.0325731729532
118896.47532 0.0325925487277
118652.334695 0.0326120434171
118408.19407 0.0326316579946
118164.053445 0.0326513934437
117919.91282 0.0326712507579
117675.772195 0.0326912309408
117431.63157 0.0327113350064
117187.490945 0.0327315639793
116943.35032 0.0327519188945
116699.209695 0.0327724007978
116455.06907 0.0327930107458
116210.928445 0.0328137498063
115966.78782 0.0328346190579
115722.647195 0.0328556195908
115478.50657 0.0328767525064
115234.365945 0.0328980189177
114990.22532 0.0329194199495
114746.084695 0.0329409567383
114501.94407 0.0329626304326
114257.803445 0.0329844421933
114013.66282 0.0330063931932
113769.522195 0.0330284846179
113525.38157 0.0330507176656
113281.240945 0.033073093547
113037.10032 0.0330956134859
112792.959695 0.0331182787195
112548.81907 0.0331410904977
112304.678445 0.0331640500844
112060.53782 0.0331871587568
111816.397195 0.033210417806
111572.25657 0.0332338285371
111328.115945 0.0332573922692
111083.97532 0.033281110336
110839.834695 0.0333049840856
110595.69407 0.0333290148808
110351.553445 0.0333532040994
110107.41282 0.0333775531342
109863.272195 0.0334020633934
109619.13157 0.0334267363006
109374.990945 0.0334515732953
109130.85032 0.0334765758329
108886.709695 0.0335017453846
108642.56907 0.0335270834385
108398.428445 0.0335525914988
108154.28782 0.0335782710868
107910.147195 0.0336041237406
107666.00657 0.0336301510157
107421.865945 0.033656354485
107177.72532 0.0336827357391
106933.584695 0.0337092963866
106689.44407 0.0337360380542
106445.303445 0.0337629623873
106201.16282 0.0337900710497
105957.022195 0.0338173657243
105712.88157 0.0338448481132
105468.740945 0.0338725199378
105224.60032 0.0339003829395
104980.459695 0.0339284388796
104736.31907 0.0339566895396
104492.178445 0.0339851367216
104248.03782 0.0340137822487
104003.897195 0.034042627965
103759.75657 0.034071675736
103515.615945 0.0341009274491
103271.47532 0.0341303850135
103027.334695 0.034160050361
102783.19407 0.0341899254459
102539.053445 0.0342200122455
102294.91282 0.0342503127604
102050.772195 0.0342808290149
101806.63157 0.0343115630571
101562.490945 0.0343425169597
101318.35032 0.0343736928198
101074.209695 0.0344050927596
100830.06907 0.0344367189266
100585.928445 0.0344685734941
100341.78782 0.0345006586615
100097.647195 0.0345329766547
99853.50657 0.0345655297263
99609.365945 0.0345983201563
99365.22532 0.0346313502522
99121.084695 0.0346646223498
98876.94407 0.034698138813
98632.803445 0.0347319020349
98388.66282 0.0347659144377
98144.522195 0.0348001784733
97900.38157 0.0348346966238
97656.240945 0.034869471402
97412.10032 0.0349045053517
97167.959695 0.034939801048
96923.81907 0.0349753610984
96679.678445 0.0350111881425
96435.53782 0.035047284853
96191.397195 0.035083653936
95947.25657 0.0351202981316
95703.115945 0.0351572202143
95458.97532 0.0351944229936
95214.834695 0.0352319093144
94970.69407 0.0352696820578
94726.553445 0.0353077441414
94482.41282 0.0353460985199
94238.272195 0.0353847481858
93994.13157 0.0354236961698
93749.990945 0.0354629455416
93505.85032 0.0355024994103
93261.709695 0.035542360925
93017.56907 0.0355825332756
92773.428445 0.0356230196934
92529.28782 0.0356638234516
92285.147195 0.0357049478659
92041.00657 0.0357463962955
91796.865945 0.0357881721435
91552.72532 0.0358302788576
91308.584695 0.0358727199311
91064.44407 0.0359154989031
90820.303445 0.0359586193596
90576.16282 0.0360020849343
90332.022195 0.0360458993091
90087.88157 0.0360900662149
89843.740945 0.0361345894326
89599.60032 0.0361794727938
89355.459695 0.0362247201814
89111.31907 0.0362703355308
88867.178445 0.0363163228304
88623.03782 0.0363626861229
88378.897195 0.0364094295055
88134.75657 0.0364565571315
87890.615945 0.0365040732108
87646.47532 0.0365519820109
87402.334695 0.036600287858
87158.19407 0.0366489951376
86914.053445 0.036698108296
86669.91282 0.0367476318408
86425.772195 0.0367975703424
86181.63157 0.0368479284345
85937.490945 0.0368987108157
85693.35032 0.0369499222501
85449.209695 0.0370015675689
85205.06907 0.0370536516711
84960.928445 0.0371061795248
84716.78782 0.0371591561683
84472.647195 0.0372125867116
84228.50657 0.0372664763373
83984.365945 0.0373208303017
83740.22532 0.0373756539365
83496.084695 0.0374309526499
83251.94407 0.0374867319279
83007.803445 0.0375429973354
82763.66282 0.037599754518
82519.522195 0.0376570092033
82275.38157 0.0377147672019
82031.240945 0.0377730344095
81787.10032 0.0378318168078
81542.959695 0.0378911204666
81298.81907 0.0379509515446
81054.678445 0.0380113162917
80810.53782 0.0380722210503
80566.397195 0.0381336722567
80322.25657 0.0381956764432
80078.115945 0.0382582402396
79833.97532 0.0383213703751
79589.834695 0.0383850736797
79345.69407 0.0384493570865
79101.553445 0.0385142276332
78857.41282 0.0385796924641
78613.272195 0.0386457588322
78369.13157 0.038712434101
78124.990945 0.0387797257466
77880.85032 0.0388476413596
77636.709695 0.0389161886474
77392.56907 0.0389853754363
77148.428445 0.0390552096738
76904.28782 0.0391256994305
76660.147195 0.0391968529027
76416.00657 0.0392686784148
76171.865945 0.0393411844213
75927.72532 0.0394143795099
75683.584695 0.0394882724033
75439.44407 0.0395628719621
75195.303445 0.0396381871874
74951.16282 0.0397142272236
74707.022195 0.0397910013606
74462.88157 0.0398685190375
74218.740945 0.0399467898444
73974.60032 0.0400258235261
73730.459695 0.0401056299848
73486.31907 0.040186219283
73242.178445 0.0402676016469
72998.03782 0.0403497874695
72753.897195 0.0404327873137
72509.75657 0.0405166119157
72265.615945 0.0406012721887
72021.47532 0.0406867792258
71777.334695 0.0407731443042
71533.19407 0.0408603788884
71289.053445 0.0409484946341
71044.91282 0.0410375033921
70800.772195 0.041127417212
70556.63157 0.0412182483464
70312.490945 0.0413100092548
70068.35032 0.0414027126081
69824.209695 0.0414963712925
69580.06907 0.0415909984141
69335.928445 0.0416866073035
69091.78782 0.0417832115202
68847.647195 0.0418808248572
68603.50657 0.0419794613463
68359.365945 0.0420791352626
68115.22532 0.0421798611297
67871.084695 0.0422816537249
67626.94407 0.0423845280845
67382.803445 0.0424884995092
67138.66282 0.0425935835698
66894.522195 0.0426997961126
66650.38157 0.0428071532655
66406.240945 0.0429156714441
66162.10032 0.0430253673576
65917.959695 0.043136258015
65673.81907 0.0432483607318
65429.678445 0.0433616931366
65185.53782 0.0434762731777
64941.397195 0.0435921191302
64697.25657 0.0437092496029
64453.115945 0.043827683546
64208.97532 0.0439474402581
63964.834695 0.0440685393943
63720.69407 0.0441910009738
63476.553445 0.0443148453879
63232.41282 0.0444400934088
62988.272195 0.0445667661976
62744.13157 0.044694885313
62499.990945 0.0448244727207
62255.85032 0.0449555508021
62011.709695 0.0450881423639
61767.56907 0.045222270648
61523.428445 0.045357959341
61279.28782 0.0454952325847
61035.147195 0.0456341149865
60791.00657 0.04577463163
60546.865945 0.0459168080863
60302.72532 0.0460606704249
60058.584695 0.0462062452258
59814.44407 0.0463535595913
59570.303445 0.046502641158
59326.16282 0.0466535181097
59082.022195 0.0468062191903
58837.88157 0.046960773717
58593.740945 0.0471172115941
58349.60032 0.0472755633271
58105.459695 0.0474358600369
57861.31907 0.0475981334748
57617.178445 0.0477624160379
57373.03782 0.0479287407846
57128.897195 0.0480971414507
56884.75657 0.0482676524663
56640.615945 0.0484403089725
56396.47532 0.0486151468391
56152.334695 0.0487922026828
55908.19407 0.0489715138855
55664.053445 0.0491531186138
55419.91282 0.0493370558382
55175.772195 0.0495233653538
54931.63157 0.0497120878005
54687.490945 0.0499032646854
54443.35032 0.0500969384039
54199.209695 0.0502931522631
53955.06907 0.0504919505049
53710.928445 0.05069337833
53466.78782 0.0508974819231
53222.647195 0.0511043084781
52978.50657 0.0513139062247
52734.365945 0.0515263244553
52490.22532 0.0517416135531
52246.084695 0.0519598250208
52001.94407 0.0521810115106
51757.803445 0.0524052268543
51513.66282 0.0526325260954
51269.522195 0.0528629655211
51025.38157 0.0530966026963
50781.240945 0.0533334964978
50537.10032 0.0535737071504
50292.959695 0.0538172962633
50048.81907 0.0540643268681
49804.678445 0.0543148634585
49560.53782 0.0545689720299
49316.397195 0.0548267201217
49072.25657 0.0550881768602
48828.115945 0.0553534130029
48583.97532 0.0556225009848
48339.834695 0.0558955149651
48095.69407 0.0561725308768
47851.553445 0.0564536264768
47607.41282 0.0567388813983
47363.272195 0.0570283772047
47119.13157 0.0573221974454
46874.990945 0.0576204277131
46630.85032 0.0579231557036
46386.709695 0.0582304712773
46142.56907 0.0585424665225
45898.428445 0.0588592358217
45654.28782 0.059180875919
45410.147195 0.0595074859909
45166.00657 0.0598391677188
44921.865945 0.0601760253644
44677.72532 0.0605181658474
44433.584695 0.0608656988262
44189.44407 0.0612187367815
43945.303445 0.0615773951024
43701.16282 0.0619417921757
43457.022195 0.0623120494787
43212.88157 0.0626882916752
42968.740945 0.0630706467141
42724.60032 0.0634592459333
42480.459695 0.0638542241652
42236.31907 0.0642557198478
41992.178445 0.0646638751392
41748.03782 0.0650788360357
41503.897195 0.0655007524953
41259.75657 0.0659297785649
41015.615945 0.0663660725129
40771.47532 0.0668097969659
40527.334695 0.0672611190517
40283.19407 0.0677202105461
40039.053445 0.0681872480269
39794.91282 0.0686624130324
39550.772195 0.0691458922268
39306.63157 0.0696378775715
39062.490945 0.070138566503
38818.35032 0.0706481621176
38574.209695 0.0711668733638
38330.06907 0.0716949152415
38085.928445 0.0722325090092
37841.78782 0.0727798823997
37597.647195 0.0733372698436
37353.50657 0.0739049127023
37109.365945 0.0744830595101
36865.22532 0.0750719662256
36621.084695 0.0756718964939
36376.94407 0.0762831219186
36132.803445 0.0769059223454
35888.66282 0.0775405861567
35644.522195 0.0781874105791
35400.38157 0.0788467020025
35156.240945 0.0795187763129
34912.10032 0.080203959239
34667.959695 0.080902586713
34423.81907 0.0816150052468
34179.678445 0.0823415723234
33935.53782 0.0830826568051
33691.397195 0.0838386393594
33447.25657 0.0846099129022
33203.115945 0.0853968830601
32958.97532 0.0861999686534
32714.834695 0.087019602198
32470.69407 0.0878562304312
32226.553445 0.0887103148585
31982.41282 0.0895823323249
31738.272195 0.0904727756113
31494.13157 0.091382154057
31249.990945 0.0923109942093
31005.85032 0.0932598405019
30761.709695 0.0942292559638
30517.56907 0.095219822959
30273.428445 0.0962321439602
30029.28782 0.0972668423566
29785.147195 0.0983245632976
29541.00657 0.099405974576
29296.865945 0.100511767549
29052.72532 0.101642658105
28808.584695 0.102799387668
28564.44407 0.103982724254
28320.303445 0.105193463574
28076.16282 0.106432430186
27832.022195 0.107700478703
27587.88157 0.108998495051
27343.740945 0.110327397793
27099.60032 0.111688139511
26855.459695 0.113081708249
26611.31907 0.114509129027
26367.178445 0.115971465425
26123.03782 0.11746982124
25878.897195 0.11900534222
25634.75657 0.120579217882
25390.615945 0.12219268341
25146.47532 0.123847021642
24902.334695 0.125543565159
24658.19407 0.127283698457
24414.053445 0.129068860232
24169.91282 0.130900545765
23925.772195 0.132780309419
23681.63157 0.134709767254
23437.490945 0.136690599757
23193.35032 0.138724554703
22949.209695 0.140813450145
22705.06907 0.142959177536
22460.928445 0.145163704996
22216.78782 0.147429080728
21972.647195 0.149757436575
21728.50657 0.152150991743
21484.365945 0.154612056683
21240.22532 0.157143037135
20996.084695 0.159746438347
20751.94407 0.162424869468
20507.803445 0.165181048118
20263.66282 0.168017805135
20019.522195 0.170938089515
19775.38157 0.173944973528
19531.240945 0.17704165802
19287.10032 0.180231477903
19042.959695 0.183517907818
18798.81907 0.186904567982
18554.678445 0.190395230194
18310.53782 0.193993824008
18066.397195 0.197704443044
17822.25657 0.201531351435
17578.115945 0.205478990376
17333.97532 0.209551984756
17089.834695 0.21375514984
16845.69407 0.218093497964
16601.553445 0.22257224519
16357.41282 0.227196817874
16113.272195 0.231972859074
15869.13157 0.23690623473
15624.990945 0.242003039516
15380.85032 0.247269602258
15136.709695 0.252712490809
14892.56907 0.258338516213
14648.428445 0.264154736018
14404.28782 0.270168456529
14160.147195 0.276387233788
13916.00657 0.282818873029
13671.865945 0.289471426319
13427.72532 0.296353188058
13183.584695 0.303472687958
12939.44407 0.310838681087
12695.303445 0.318460134494
12451.16282 0.326346209878
12207.022195 0.33450624169
11962.88157 0.342949709998
11718.740945 0.351686207361
11474.60032 0.360725398867
11230.459695 0.370076974419
10986.31907 0.379750592258
10742.178445 0.389755812608
10498.03782 0.400102020256
10253.897195 0.410798334774
10009.75657 0.421853507023
9765.615945 0.433275800501
9521.47532 0.445072856041
9277.334695 0.457251538357
9033.19407 0.469817762917
8789.053445 0.482776301714
8544.91282 0.496130566578
8300.772195 0.509882368896
8056.63157 0.52403165487
7812.490945 0.538576215835
7568.35032 0.553511373696
7324.209695 0.568829642202
7080.06907 0.584520365643
6835.928445 0.6005693376
6591.78782 0.616958403634
6347.647195 0.633665053278
6103.50657 0.650662008397
5859.365945 0.667916816892
5615.22532 0.685391462783
5371.084695 0.703042005914
5126.94407 0.720818266746
4882.803445 0.738663573859
4638.66282 0.756514593678
4394.522195 0.774301263463
4150.38157 0.791946849471
3906.240945 0.809368152199
3662.10032 0.826475879536
3417.959695 0.843175206184
3173.81907 0.859366533772
2929.678445 0.874946460414
2685.53782 0.889808961182
2441.397195 0.903846772063
2197.25657 0.916952959865
1953.115945 0.929022649511
1708.97532 0.939954869095
1464.834695 0.949654462448
1220.69407 0.958034009987
976.553445 0.965015691863
732.41282 0.970533023982
488.272195 0.974532397791
244.13157 0.976974359263
-0.009055 0.977834571238
-244.14968 0.977104415869
-488.290305 0.974791209557
-732.43093 0.970918020422
-976.571555 0.965523096765
-1220.71218 0.95865893275
-1464.852805 0.950391013384
-1708.99343 0.940796293746
-1953.134055 0.929961476458
-2197.27468 0.917981156316
-2441.415305 0.904955901616
-2685.55593 0.890990338567
-2929.696555 0.876191298699
-3173.83718 0.860666080282
-3417.977805 0.844520864321
-3662.11843 0.827859314574
-3906.259055 0.810781380013
-4150.39968 0.793382307949
-4394.540305 0.775751867021
-4638.68093 0.757973771819
-4882.821555 0.740125295137
-5126.96218 0.722277049746
-5371.102805 0.70449291901
-5615.24343 0.68683011448
-5859.384055 0.66933933852
-6103.52468 0.652065030842
-6347.665305 0.635045679261
-6591.80593 0.618314176915
-6835.946555 0.601898210283
-7080.08718 0.585820664589
-7324.227805 0.570100035364
-7568.36843 0.554750837044
-7812.509055 0.539784001375
-8056.64968 0.525207260152
-8300.790305 0.511025508258
-8544.93093 0.497241144318
-8789.071555 0.483854387272
-9033.21218 0.470863568109
-9277.352805 0.458265396631
-9521.49343 0.446055203717
-9765.634055 0.434227159892
-10009.77468 0.422774471352
-10253.915305 0.411689554763
-10498.05593 0.400964192272
-10742.196555 0.39058966823
-10986.33718 0.380556889158
-11230.477805 0.370856488428
-11474.61843 0.361478917104
-11718.759055 0.352414522335
-11962.89968 0.343653614558
-12207.040305 0.335186524752
-12451.18093 0.32700365282
-12695.321555 0.319095508155
-12939.46218 0.311452743294
-13183.602805 0.304066181508
-13427.74343 0.29692683911
-13671.884055 0.290025943128
-13916.02468 0.283354944988
-14160.165305 0.276905530731
-14404.30593 0.270669628256
-14648.446555 0.264639412011
-14892.58718 0.258807305514
-15136.727805 0.25316598204
-15380.86843 0.24770836375
-15625.009055 0.242427619535
-15869.14968 0.237317161784
-16113.290305 0.232370642283
-16357.43093 0.227581947391
-16601.571555 0.222945192661
-16845.71218 0.218454717022
-17089.852805 0.214105076619
-17333.99343 0.209891038423
-17578.134055 0.205807573676
-17822.27468 0.201849851233
-18066.415305 0.198013230875
-18310.55593 0.194293256623
-18554.696555 0.190685650099
-18798.83718 0.187186303972
-19042.977805 0.183791275497
-19287.11843 0.180496780199
-19531.259055 0.177299185683
-19775.39968 0.174195005614
-20019.540305 0.17118089386
-20263.68093 0.16825363881
-20507.821555 0.165410157873
-20751.96218 0.162647492158
-20996.102805 0.159962801344
-21240.24343 0.157353358726
-21484.384055 0.154816546452
-21728.52468 0.152349850936
-21972.665305 0.149950858455
-22216.80593 0.147617250914
-22460.946555 0.145346801787
-22705.08718 0.143137372221
-22949.227805 0.140986907305
-23193.36843 0.138893432495
-23437.509055 0.136855050187
-23681.64968 0.134869936439
-23925.790305 0.13293633784
-24169.93093 0.131052568503
-24414.071555 0.129217007201
-24658.21218 0.127428094621
-24902.352805 0.12568433074
-25146.49343 0.123984272324
-25390.634055 0.122326530527
-25634.77468 0.120709768603
-25878.915305 0.119132699721
-26123.05593 0.117594084873
-26367.196555 0.116092730877
-26611.33718 0.114627488473
-26855.477805 0.113197250496
-27099.61843 0.111800950138
-27343.759055 0.110437559282
-27587.89968 0.109106086917
-27832.040305 0.107805577615
-28076.18093 0.106535110079
-28320.321555 0.105293795763
-28564.46218 0.104080777539
-28808.602805 0.102895228436
-29052.74343 0.101736350426
-29296.884055 0.100603373269
-29541.02468 0.0994955534022
-29785.165305 0.0984121728882
-30029.30593 0.0973525383979
-30273.446555 0.0963159802453
-30517.58718 0.0953018514612
-30761.727805 0.0943095269078
-31005.86843 0.0933384024314
-31250.009055 0.0923878940515
-31494.14968 0.091457437185
-31738.290305 0.0905464859031
-31982.43093 0.0896545122206
-32226.571555 0.0887810054147
-32470.71218 0.0879254713729
-32714.852805 0.0870874319686
-32958.99343 0.0862664244626
-33203.134055 0.0854620009301
-33447.27468 0.0846737277108
-33691.415305 0.083901184883
-33935.55593 0.0831439657585
-34179.696555 0.0824016763987
-34423.83718 0.0816739351506
-34667.977805 0.0809603722019
-34912.11843 0.0802606291537
-35156.259055 0.0795743586114
-35400.39968 0.078901223791
-35644.540305 0.0782408981425
-35888.68093 0.0775930649875
-36132.821555 0.0769574171715
-36376.96218 0.0763336567304
-36621.102805 0.0757214945693
-36865.24343 0.0751206501552
-37109.384055 0.0745308512206
-37353.52468 0.0739518334797
-37597.665305 0.0733833403545
-37841.80593 0.0728251227127
-38085.946555 0.0722769386152
-38330.08718 0.0717385530727
-38574.227805 0.0712097378131
-38818.36843 0.0706902710559
-39062.509055 0.0701799372971
-39306.64968 0.0696785271005
-39550.790305 0.0691858368979
-39794.93093 0.0687016687968
-40039.071555 0.0682258303944
-40283.21218 0.0677581345995
-40527.352805 0.0672983994606
-40771.49343 0.066846448
-41015.634055 0.0664021080545
-41259.77468 0.0659652121216
-41503.915305 0.0655355972118
-41748.05593 0.0651131047052
-41992.196555 0.0646975802143
-42236.33718 0.0642888734515
-42480.477805 0.0638868381006
-42724.61843 0.0634913316942
-42968.759055 0.0631022154942
-43212.89968 0.062719354377
-43457.040305 0.062342616723
-43701.18093 0.0619718743097
-43945.321555 0.0616070022083
-44189.46218 0.0612478786844
-44433.602805 0.0608943851016
-44677.74343 0.0605464058288
-44921.884055 0.0602038281509
-45166.02468 0.0598665421814
-45410.165305 0.0595344407795
-45654.30593 0.0592074194691
-45898.446555 0.0588853763602
-46142.58718 0.0585682120744
-46386.727805 0.0582558296709
-46630.86843 0.0579481345767
-46875.009055 0.057645034518
-47119.14968 0.0573464394547
-47363.290305 0.0570522615162
-47607.43093 0.0567624149396
-47851.571555 0.0564768160108
-48095.71218 0.0561953830059
-48339.852805 0.0559180361357
-48583.99343 0.0556446974917
-48828.134055 0.0553752909936
-49072.27468 0.0551097423388
-49316.415305 0.0548479789531
-49560.55593 0.0545899299435
-49804.696555 0.0543355260517
-50048.83718 0.0540846996101
-50292.977805 0.0538373844985
-50537.11843 0.053593516102
-50781.259055 0.0533530312707
-51025.39968 0.0531158682803
-51269.540305 0.0528819667943
-51513.68093 0.0526512678268
-51757.821555 0.0524237137069
-52001.96218 0.0521992480441
-52246.102805 0.0519778156943
-52490.24343 0.0517593627277
-52734.384055 0.0515438363968
-52978.52468 0.051331185106
-53222.665305 0.0511213583814
-53466.80593 0.0509143068425
-53710.946555 0.0507099821736
-53955.08718 0.050508337097
-54199.227805 0.0503093253465
-54443.36843 0.0501129016417
-54687.509055 0.0499190216631
-54931.64968 0.0497276420282
-55175.790305 0.0495387202675
-55419.93093 0.0493522148024
-55664.071555 0.0491680849225
-55908.21218 0.0489862907646
-56152.352805 0.0488067932913
-56396.49343 0.0486295542711
-56640.634055 0.0484545362585
-56884.77468 0.048281702575
-57128.915305 0.0481110172903
-57373.05593 0.0479424452041
-57617.196555 0.0477759518291
-57861.33718 0.0476115033731
-58105.477805 0.0474490667229
-58349.61843 0.047288609428
-58593.759055 0.0471300996847
-58837.89968 0.046973506321
-59082.040305 0.0468187987817
-59326.18093 0.0466659471138
-59570.321555 0.0465149219526
-59814.46218 0.0463656945077
-60058.602805 0.04621823655
-60302.74343 0.0460725203986
-60546.884055 0.0459285189079
-60791.02468 0.0457862054557
-61035.165305 0.045645553931
-61279.30593 0.0455065387224
-61523.446555 0.0453691347069
-61767.58718 0.0452333172385
-62011.727805 0.0450990621376
-62255.86843 0.0449663456808
-62500.009055 0.0448351445903
-62744.14968 0.0447054360239
-62988.290305 0.0445771975659
-63232.43093 0.0444504072169
-63476.571555 0.0443250433852
-63720.71218 0.0442010848775
-63964.852805 0.0440785108902
-64208.99343 0.043957301001
-64453.134055 0.0438374351605
-64697.27468 0.0437188936843
-64941.415305 0.0436016572447
-65185.55593 0.0434857068634
-65429.696555 0.043371023904
-65673.83718 0.0432575900642
-65917.977805 0.0431453873693
-66162.11843 0.0430343981648
-66406.259055 0.0429246051098
-66650.39968 0.0428159911704
-66894.540305 0.0427085396131
-67138.68093 0.0426022339987
-67382.821555 0.0424970581759
-67626.96218 0.0423929962753
-67871.102805 0.0422900327041
-68115.24343 0.0421881521396
-68359.384055 0.042087339524
-68603.52468 0.0419875800591
-68847.665305 0.0418888592007
-69091.80593 0.0417911626535
-69335.946555 0.0416944763661
-69580.08718 0.041598786526
-69824.227805 0.0415040795548
-70068.36843 0.0414103421034
-70312.509055 0.0413175610474
-70556.64968 0.0412257234828
-70800.790305 0.0411348167214
-71044.93093 0.0410448282863
-71289.071555 0.0409557459083
-71533.21218 0.0408675575212
-71777.352805 0.0407802512583
-72021.49343 0.0406938154478
-72265.634055 0.0406082386099
-72509.77468 0.0405235094522
-72753.915305 0.0404396168665
-72998.05593 0.0403565499251
-73242.196555 0.0402742978775
-73486.33718 0.0401928501467
-73730.477805 0.0401121963259
-73974.61843 0.0400323261754
-74218.759055 0.0399532296194
-74462.89968 0.0398748967427
-74707.040305 0.0397973177877
-74951.18093 0.0397204831517
-75195.321555 0.0396443833836
-75439.46218 0.0395690091811
-75683.602805 0.0394943513882
-75927.74343 0.0394204009921
-76171.884055 0.0393471491207
-76416.02468 0.0392745870402
-76660.165305 0.0392027061519
-76904.30593 0.0391314979906
-77148.446555 0.0390609542213
-77392.58718 0.0389910666374
-77636.727805 0.0389218271578
-77880.86843 0.0388532278252
-78125.009055 0.0387852608035
-78369.14968 0.0387179183756
-78613.290305 0.0386511929414
-78857.43093 0.0385850770155
-79101.571555 0.0385195632253
-79345.71218 0.0384546443089
-79589.852805 0.0383903131131
-79833.99343 0.0383265625915
-80078.134055 0.0382633858025
-80322.27468 0.0382007759078
-80566.415305 0.03813872617
-80810.55593 0.0380772299513
-81054.696555 0.0380162807115
-81298.83718 0.0379558720063
-81542.977805 0.0378959974858
-81787.11843 0.0378366508926
-82031.259055 0.0377778260606
-82275.39968 0.0377195169127
-82519.540305 0.0376617174602
-82763.68093 0.0376044218003
-83007.821555 0.0375476241155
-83251.96218 0.0374913186715
-83496.102805 0.0374354998161
-83740.24343 0.0373801619777
-83984.384055 0.037325299664
-84228.52468 0.0372709074604
-84472.665305 0.0372169800291
-84716.80593 0.0371635121076
-84960.946555 0.0371104985072
-85205.08718 0.0370579341123
-85449.227805 0.0370058138786
-85693.36843 0.0369541328322
-85937.509055 0.0369028860686
-86181.64968 0.0368520687511
-86425.790305 0.0368016761101
-86669.93093 0.0367517034418
-86914.071555 0.0367021461071
-87158.21218 0.0366529995306
-87402.352805 0.0366042591994
-87646.49343 0.0365559206624
-87890.634055 0.036507979529
-88134.77468 0.0364604314683
-88378.915305 0.036413272208
-88623.05593 0.0363664975335
-88867.196555 0.036320103287
-89111.33718 0.0362740853665
-89355.477805 0.0362284397251
-89599.61843 0.03618316237
-89843.759055 0.0361382493614
-90087.89968 0.0360936968122
-90332.040305 0.0360495008865
-90576.18093 0.0360056577994
-90820.321555 0.0359621638159
-91064.46218 0.0359190152501
-91308.602805 0.0358762084644
-91552.74343 0.035833739869
-91796.884055 0.0357916059208
-92041.02468 0.035749803123
-92285.165305 0.035708328024
-92529.30593 0.0356671772172
-92773.446555 0.0356263473399
-93017.58718 0.0355858350727
-93261.727805 0.035545637139
-93505.86843 0.0355057503041
-93750.009055 0.0354661713748
-93994.14968 0.0354268971985
-94238.290305 0.0353879246631
-94482.43093 0.0353492506955
-94726.571555 0.0353108722619
-94970.71218 0.0352727863668
-95214.852805 0.0352349900522
-95458.99343 0.0351974803977
-95703.134055 0.0351602545191
-95947.27468 0.0351233095686
-96191.415305 0.0350866427338
-96435.55593 0.0350502512374
-96679.696555 0.0350141323365
-96923.83718 0.0349782833223
-97167.977805 0.0349427015192
-97412.11843 0.034907384285
-97656.259055 0.0348723290097
-97900.39968 0.0348375331154
-98144.540305 0.0348029940558
-98388.68093 0.0347687093157
-98632.821555 0.0347346764104
-98876.96218 0.0347008928855
-99121.102805 0.0346673563164
-99365.24343 0.0346340643077
-99609.384055 0.0346010144931
-99853.52468 0.0345682045346
-100097.665305 0.0345356321223
-100341.80593 0.0345032949739
-100585.946555 0.0344711908347
-100830.08718 0.0344393174766
-101074.227805 0.034407672698
-101318.36843 0.0343762543235
-101562.509055 0.0343450602035
-101806.64968 0.0343140882138
-102050.790305 0.0342833362551
-102294.93093 0.0342528022529
-102539.071555 0.034222484157
-102783.21218 0.0341923799412
-103027.352805 0.034162487603
-103271.49343 0.0341328051631
-103515.634055 0.0341033306654
-103759.77468 0.0340740621763
-104003.915305 0.0340449977847
-104248.05593 0.0340161356014
-104492.196555 0.0339874737593
-104736.33718 0.0339590104123
-104980.477805 0.0339307437358
-105224.61843 0.033902671926
-105468.759055 0.0338747931995
-105712.89968 0.0338471057936
-105957.040305 0.0338196079652
-106201.18093 0.0337922979912
-106445.321555 0.0337651741679
-106689.46218 0.033738234811
-106933.602805 0.033711478255
-107177.74343 0.0336849028532
-107421.884055 0.0336585069772
-107666.02468 0.033632289017
-107910.165305 0.0336062473805
-108154.30593 0.0335803804933
-108398.446555 0.0335546867987
-108642.58718 0.0335291647569
-108886.727805 0.0335038128455
-109130.86843 0.0334786295587
-109375.009055 0.0334536134073
-109619.14968 0.0334287629185
-109863.290305 0.0334040766356
-110107.43093 0.0333795531181
-110351.571555 0.0333551909409
-110595.71218 0.0333309886946
-110839.852805 0.0333069449851
-111083.99343 0.0332830584334
-111328.134055 0.0332593276754
-111572.27468 0.0332357513619
-111816.415305 0.0332123281582
-112060.55593 0.0331890567437
-112304.696555 0.0331659358123
-112548.83718 0.0331429640717
-112792.977805 0.0331201402436
-113037.11843 0.0330974630632
-113281.259055 0.0330749312791
-113525.39968 0.0330525436534
-113769.540305 0.0330302989611
-114013.68093 0.0330081959903
-114257.821555 0.0329862335419
-114501.96218 0.0329644104294
-114746.102805 0.0329427254787
-114990.24343 0.0329211775281
-115234.384055 0.032899765428
-115478.52468 0.032878488041
-115722.665305 0.0328573442414
-115966.80593 0.032836332915
-116210.946555 0.0328154529597
-116455.08718 0.0327947032843
-116699.227805 0.0327740828092
-116943.36843 0.0327535904659
-117187.509055 0.0327332251967
-117431.64968 0.032712985955
-117675.790305 0.0326928717049
-117919.93093 0.0326728814209
-118164.071555 0.0326530140883
-118408.21218 0.0326332687025
-118652.352805 0.0326136442693
-118896.49343 0.0325941398043
-119140.634055 0.0325747543334
-119384.77468 0.0325554868922
-119628.915305 0.0325363365261
-119873.05593 0.03251730229
-120117.196555 0.0324983832485
-120361.33718 0.0324795784752
-120605.477805 0.0324608870535
-120849.61843 0.0324423080755
-121093.759055 0.0324238406427
-121337.89968 0.0324054838653
-121582.040305 0.0323872368625
-121826.18093 0.0323690987621
-122070.321555 0.0323510687006
-122314.46218 0.032333145823
-122558.602805 0.0323153292828
-122802.74343 0.0322976182418
-123046.884055 0.0322800118699
-123291.02468 0.0322625093454
-123535.165305 0.0322451098543
-123779.30593 0.0322278125909
-124023.446555 0.0322106167571
-124267.58718 0.0321935215626
-124511.727805 0.0321765262248
-124755.86843 0.0321596299687
-125000.009055 0.0321428320268
-125244.14968 0.032126131639
-125488.290305 0.0321095280524
-125732.43093 0.0320930205216
-125976.571555 0.0320766083081
-126220.71218 0.0320602906806
-126464.852805 0.0320440669147
-126708.99343 0.032027936293
-126953.134055 0.0320118981049
-127197.27468 0.0319959516466
-127441.415305 0.0319800962208
-127685.55593 0.031964331137
-127929.696555 0.0319486557112
-128173.83718 0.0319330692658
-128417.977805 0.0319175711295
-128662.11843 0.0319021606375
-128906.259055 0.031886837131
-129150.39968 0.0318715999577
-129394.540305 0.031856448471
-129638.68093 0.0318413820306
-129882.821555 0.0318264000021
-130126.96218 0.031811501757
-130371.102805 0.0317966866726
-130615.24343 0.031781954132
-130859.384055 0.0317673035239
-131103.52468 0.0317527342429
-131347.665305 0.0317382456888
-131591.80593 0.0317238372673
-131835.946555 0.0317095083892
-132080.08718 0.031695258471
-132324.227805 0.0316810869343
-132568.36843 0.0316669932062
-132812.509055 0.0316529767188
-133056.64968 0.0316390369094
-133300.790305 0.0316251732207
-133544.93093 0.0316113851
-133789.071555 0.0315976719999
-134033.21218 0.0315840333778
-134277.352805 0.0315704686962
-134521.49343 0.0315569774221
-134765.634055 0.0315435590276
-135009.77468 0.0315302129894
-135253.915305 0.0315169387888
-135498.05593 0.0315037359118
-135742.196555 0.0314906038491
-135986.33718 0.0314775420958
-136230.477805 0.0314645501515
-136474.61843 0.0314516275203
-136718.759055 0.0314387737106
-136962.89968 0.0314259882351
-137207.040305 0.0314132706111
-137451.18093 0.0314006203598
-137695.321555 0.0313880370068
-137939.46218 0.0313755200818
-138183.602805 0.0313630691186
-138427.74343 0.0313506836552
-138671.884055 0.0313383632335
-138916.02468 0.0313261073993
-139160.165305 0.0313139157028
-139404.30593 0.0313017876975
-139648.446555 0.0312897229412
-139892.58718 0.0312777209954
-140136.727805 0.0312657814253
-140380.86843 0.0312539038
-140625.009055 0.0312420876923
-140869.14968 0.0312303326785
-141113.290305 0.0312186383388
-141357.43093 0.0312070042567
-141601.571555 0.0311954300195
-141845.71218 0.0311839152179
-142089.852805 0.0311724594461
-142333.99343 0.0311610623018
-142578.134055 0.0311497233862
-142822.27468 0.0311384423036
-143066.415305 0.031127218662
-143310.55593 0.0311160520724
-143554.696555 0.0311049421493
-143798.83718 0.0310938885103
-144042.977805 0.0310828907764
-144287.11843 0.0310719485716
-144531.259055 0.0310610615231
-144775.39968 0.0310502292612
-145019.540305 0.0310394514195
-145263.68093 0.0310287276344
-145507.821555 0.0310180575453
-145751.96218 0.0310074407948
-145996.102805 0.0309968770284
-146240.24343 0.0309863658945
-146484.384055 0.0309759070445
-146728.52468 0.0309655001324
-146972.665305 0.0309551448153
-147216.80593 0.0309448407533
-147460.946555 0.0309345876088
-147705.08718 0.0309243850473
-147949.227805 0.0309142327371
-148193.36843 0.030904130349
-148437.509055 0.0308940775566
-148681.64968 0.0308840740361
-148925.790305 0.0308741194664
-149169.93093 0.030864213529
-149414.071555 0.0308543559079
-149658.21218 0.0308445462898
-149902.352805 0.0308347843638
-150146.49343 0.0308250698216
-150390.634055 0.0308154023574
-150634.77468 0.0308057816677
-150878.915305 0.0307962074517
-151123.05593 0.0307866794107
-151367.196555 0.0307771972487
-151611.33718 0.0307677606718
-151855.477805 0.0307583693887
-152099.61843 0.0307490231102
-152343.759055 0.0307397215495
-152587.89968 0.0307304644221
-152832.040305 0.0307212514457
-153076.18093 0.0307120823403
-153320.321555 0.0307029568281
-153564.46218 0.0306938746333
-153808.602805 0.0306848354827
-154052.74343 0.0306758391048
-154296.884055 0.0306668852306
-154541.02468 0.0306579735929
-154785.165305 0.0306491039267
-155029.30593 0.0306402759693
-155273.446555 0.0306314894596
-155517.58718 0.0306227441391
-155761.727805 0.0306140397507
-156005.86843 0.0306053760398
-156250.009055 0.0305967527536
-156494.14968 0.0305881696411
-156738.290305 0.0305796264534
-156982.43093 0.0305711229436
-157226.571555 0.0305626588666
-157470.71218 0.0305542339792
-157714.852805 0.0305458480399
-157958.99343 0.0305375008094
-158203.134055 0.0305291920501
-158447.27468 0.030520921526
-158691.415305 0.0305126890032
-158935.55593 0.0305044942494
-159179.696555 0.0304963370341
-159423.83718 0.0304882171287
-159667.977805 0.0304801343062
-159912.11843 0.0304720883413
-160156.259055 0.0304640790105
-160400.39968 0.0304561060919
-160644.540305 0.0304481693653
-160888.68093 0.0304402686123
-161132.821555 0.0304324036159
-161376.96218 0.0304245741609
-161621.102805 0.0304167800337
-161865.24343 0.0304090210222
-162109.384055 0.030401296916
-162353.52468 0.0303936075062
-162597.665305 0.0303859525856
-162841.80593 0.0303783319483
-163085.946555 0.0303707453901
-163330.08718 0.0303631927084
-163574.227805 0.0303556737018
-163818.36843 0.0303481881707
-164062.509055 0.0303407359168
-164306.64968 0.0303333167434
-164550.790305 0.0303259304551
-164794.93093 0.030318576858
-165039.071555 0.0303112557596
-165283.21218 0.0303039669689
-165527.352805 0.0302967102963
-165771.49343 0.0302894855535
-166015.634055 0.0302822925535
-166259.77468 0.030275131111
-166503.915305 0.0302680010416
-166748.05593 0.0302609021626
-166992.196555 0.0302538342924
-167236.33718 0.0302467972509
-167480.477805 0.0302397908592
-167724.61843 0.0302328149398
-167968.759055 0.0302258693162
-168212.89968 0.0302189538135
-168457.040305 0.0302120682579
-168701.18093 0.030205212477
-168945.321555 0.0301983862993
-169189.46218 0.0301915895549
-169433.602805 0.0301848220749
-169677.74343 0.0301780836917
-169921.884055 0.030171374239
-170166.02468 0.0301646935513
-170410.165305 0.0301580414647
-170654.30593 0.0301514178163
-170898.446555 0.0301448224444
-171142.58718 0.0301382551883
-171386.727805 0.0301317158886
-171630.86843 0.030125204387
-171875.009055 0.0301187205262
-172119.14968 0.0301122641502
-172363.290305 0.030105835104
-172607.43093 0.0300994332337
-172851.571555 0.0300930583863
-173095.71218 0.0300867104103
-173339.852805 0.0300803891548
-173583.99343 0.0300740944703
-173828.134055 0.0300678262081
-174072.27468 0.0300615842208
-174316.415305 0.0300553683617
-174560.55593 0.0300491784853
-174804.696555 0.0300430144472
-175048.83718 0.0300368761039
-175292.977805 0.0300307633128
-175537.11843 0.0300246759325
-175781.259055 0.0300186138223
-176025.39968 0.0300125768428
-176269.540305 0.0300065648553
-176513.68093 0.0300005777222
-176757.821555 0.0299946153068
-177001.96218 0.0299886774732
-177246.102805 0.0299827640866
-177490.24343 0.0299768750132
-177734.384055 0.02997101012
-177978.52468 0.0299651692747
-178222.665305 0.0299593523463
-178466.80593 0.0299535592044
-178710.946555 0.0299477897196
-178955.08718 0.0299420437634
-179199.227805 0.0299363212081
-179443.36843 0.0299306219269
-179687.509055 0.0299249457938
-179931.64968 0.0299192926838
-180175.790305 0.0299136624726
-180419.93093 0.0299080550368
-180664.071555 0.0299024702538
-180908.21218 0.0298969080019
-181152.352805 0.02989136816
-181396.49343 0.0298858506081
-181640.634055 0.0298803552268
-181884.77468 0.0298748818975
-182128.915305 0.0298694305026
-182373.05593 0.0298640009251
-182617.196555 0.0298585930488
-182861.33718 0.0298532067582
-183105.477805 0.0298478419388
-183349.61843 0.0298424984766
-183593.759055 0.0298371762585
-183837.89968 0.0298318751721
-184082.040305 0.0298265951058
-184326.18093 0.0298213359487
-184570.321555 0.0298160975906
-184814.46218 0.029810879922
-185058.602805 0.0298056828342
-185302.74343 0.0298005062192
-185546.884055 0.0297953499696
-185791.02468 0.0297902139789
-186035.165305 0.0297850981411
-186279.30593 0.029780002351
-186523.446555 0.0297749265041
-186767.58718 0.0297698704964
-187011.727805 0.0297648342249
-187255.86843 0.029759817587
-187500.009055 0.0297548204808
-187744.14968 0.0297498428052
-187988.290305 0.0297448844596
-188232.43093 0.0297399453441
-188476.571555 0.0297350253595
-188720.71218 0.0297301244071
-188964.852805 0.0297252423891
-189208.99343 0.029720379208
-189453.134055 0.0297155347671
-189697.27468 0.0297107089704
-189941.415305 0.0297059017223
-190185.55593 0.0297011129279
-190429.696555 0.0296963424931
-190673.83718 0.0296915903241
-190917.977805 0.0296868563279
-191162.11843 0.0296821404119
-191406.259055 0.0296774424843
-191650.39968 0.0296727624538
-191894.540305 0.0296681002296
-192138.68093 0.0296634557216
-192382.821555 0.0296588288402
-192626.96218 0.0296542194964
-192871.102805 0.0296496276017
-193115.24343 0.0296450530681
-193359.384055 0.0296404958084
-193603.52468 0.0296359557358
-193847.665305 0.0296314327639
-194091.80593 0.029626926807
-194335.946555 0.0296224377801
-194580.08718 0.0296179655983
-194824.227805 0.0296135101777
-195068.36843 0.0296090714345
-195312.509055 0.0296046492857
-195556.64968 0.0296002436488
-195800.790305 0.0295958544417
-196044.93093 0.0295914815828
-196289.071555 0.0295871249911
-196533.21218 0.0295827845861
-196777.352805 0.0295784602878
-197021.49343 0.0295741520165
-197265.634055 0.0295698596933
-197509.77468 0.0295655832395
-197753.915305 0.0295613225771
-197998.05593 0.0295570776285
-198242.196555 0.0295528483166
-198486.33718 0.0295486345646
-198730.477805 0.0295444362964
-198974.61843 0.0295402534363
-199218.759055 0.029536085909
-199462.89968 0.0295319336397
-199707.040305 0.029527796554
-199951.18093 0.0295236745781
-200195.321555 0.0295195676386
-200439.46218 0.0295154756623
-200683.602805 0.0295113985769
-200927.74343 0.02950733631
-201171.884055 0.0295032887901
-201416.02468 0.0294992559459
-201660.165305 0.0294952377066
-201904.30593 0.0294912340017
-202148.446555 0.0294872447614
-202392.58718 0.029483269916
-202636.727805 0.0294793093964
-202880.86843 0.029475363134
-203125.009055 0.0294714310603
-203369.14968 0.0294675131076
-203613.290305 0.0294636092082
-203857.43093 0.0294597192951
-204101.571555 0.0294558433017
-204345.71218 0.0294519811615
-204589.852805 0.0294481328088
-204833.99343 0.029444298178
-205078.134055 0.0294404772039
-205322.27468 0.0294366698219
-205566.415305 0.0294328759676
-205810.55593 0.029429095577
-206054.696555 0.0294253285865
-206298.83718 0.0294215749329
-206542.977805 0.0294178345534
-206787.11843 0.0294141073854
-207031.259055 0.0294103933669
-207275.39968 0.0294066924361
-207519.540305 0.0294030045316
-207763.68093 0.0293993295924
-208007.821555 0.0293956675579
-208251.96218 0.0293920183676
-208496.102805 0.0293883819617
-208740.24343 0.0293847582805
-208984.384055 0.0293811472648
-209228.52468 0.0293775488556
-209472.665305 0.0293739629943
-209716.80593 0.0293703896228
-209960.946555 0.0293668286831
-210205.08718 0.0293632801176
-210449.227805 0.0293597438691
-210693.36843 0.0293562198808
-210937.509055 0.0293527080959
-211181.64968 0.0293492084583
-211425.790305 0.029345720912
-211669.93093 0.0293422454015
-211914.071555 0.0293387818714
-212158.21218 0.0293353302668
-212402.352805 0.029331890533
-212646.49343 0.0293284626156
-212890.634055 0.0293250464607
-213134.77468 0.0293216420145
-213378.915305 0.0293182492236
-213623.05593 0.0293148680348
-213867.196555 0.0293114983954
-214111.33718 0.0293081402529
-214355.477805 0.029304793555
-214599.61843 0.0293014582498
-214843.759055 0.0292981342857
-215087.89968 0.0292948216113
-215332.040305 0.0292915201757
-215576.18093 0.029288229928
-215820.321555 0.0292849508179
-216064.46218 0.029281682795
-216308.602805 0.0292784258095
-216552.74343 0.0292751798118
-216796.884055 0.0292719447525
-217041.02468 0.0292687205826
-217285.165305 0.0292655072533
-217529.30593 0.029262304716
-217773.446555 0.0292591129225
-218017.58718 0.0292559318249
-218261.727805 0.0292527613753
-218505.86843 0.0292496015265
-218750.009055 0.0292464522311
-218994.14968 0.0292433134423
-219238.290305 0.0292401851133
-219482.43093 0.0292370671979
-219726.571555 0.0292339596498
-219970.71218 0.0292308624232
-220214.852805 0.0292277754725
-220458.99343 0.0292246987521
-220703.134055 0.0292216322171
-220947.27468 0.0292185758225
-221191.415305 0.0292155295237
-221435.55593 0.0292124932762
-221679.696555 0.0292094670361
-221923.83718 0.0292064507592
-222167.977805 0.029203444402
-222412.11843 0.0292004479211
-222656.259055 0.0291974612732
-222900.39968 0.0291944844154
-223144.540305 0.0291915173049
-223388.68093 0.0291885598993
-223632.821555 0.0291856121564
-223876.96218 0.029182674034
-224121.102805 0.0291797454905
-224365.24343 0.0291768264841
-224609.384055 0.0291739169737
-224853.52468 0.0291710169179
-225097.665305 0.0291681262761
-225341.80593 0.0291652450074
-225585.946555 0.0291623730714
-225830.08718 0.0291595104278
-226074.227805 0.0291566570367
-226318.36843 0.0291538128582
-226562.509055 0.0291509778527
-226806.64968 0.0291481519809
-227050.790305 0.0291453352035
-227294.93093 0.0291425274816
-227539.071555 0.0291397287765
-227783.21218 0.0291369390495
-228027.352805 0.0291341582624
-228271.49343 0.029131386377
-228515.634055 0.0291286233553
-228759.77468 0.0291258691597
-229003.915305 0.0291231237526
-229248.05593 0.0291203870967
-229492.196555 0.0291176591548
-229736.33718 0.02911493989
-229980.477805 0.0291122292655
-230224.61843 0.0291095272448
-230468.759055 0.0291068337916
-230712.89968 0.0291041488696
-230957.040305 0.0291014724429
-231201.18093 0.0290988044758
-231445.321555 0.0290961449325
-231689.46218 0.0290934937777
-231933.602805 0.0290908509762
-232177.74343 0.029088216493
-232421.884055 0.0290855902931
-232666.02468 0.0290829723419
-232910.165305 0.029080362605
-233154.30593 0.0290777610479
-233398.446555 0.0290751676366
-233642.58718 0.0290725823371
-233886.727805 0.0290700051156
-234130.86843 0.0290674359385
-234375.009055 0.0290648747724
-234619.14968 0.0290623215841
-234863.290305 0.0290597763404
-235107.43093 0.0290572390084
-235351.571555 0.0290547095554
-235595.71218 0.0290521879489
-235839.852805 0.0290496741563
-236083.99343 0.0290471681456
-236328.134055 0.0290446698845
-236572.27468 0.0290421793412
-236816.415305 0.029039696484
-237060.55593 0.0290372212812
-237304.696555 0.0290347537015
-237548.83718 0.0290322937136
-237792.977805 0.0290298412864
-238037.11843 0.0290273963889
-238281.259055 0.0290249589905
-238525.39968 0.0290225290603
-238769.540305 0.0290201065681
-239013.68093 0.0290176914834
-239257.821555 0.0290152837761
-239501.96218 0.0290128834163
-239746.102805 0.029010490374
-239990.24343 0.0290081046196
-240234.384055 0.0290057261234
-240478.52468 0.0290033548562
-240722.665305 0.0290009907886
-240966.80593 0.0289986338916
-241210.946555 0.0289962841361
-241455.08718 0.0289939414934
-241699.227805 0.0289916059349
-241943.36843 0.0289892774319
-242187.509055 0.0289869559561
-242431.64968 0.0289846414793
-242675.790305 0.0289823339734
-242919.93093 0.0289800334104
-243164.071555 0.0289777397625
-243408.21218 0.028975453002
-243652.352805 0.0289731731015
-243896.49343 0.0289709000334
-244140.634055 0.0289686337705
-244384.77468 0.0289663742858
-244628.915305 0.0289641215522
-244873.05593 0.0289618755428
-245117.196555 0.0289596362309
-245361.33718 0.02895740359
-245605.477805 0.0289551775936
-245849.61843 0.0289529582153
-246093.759055 0.0289507454289
-246337.89968 0.0289485392085
-246582.040305 0.028946339528
-246826.18093 0.0289441463616
-247070.321555 0.0289419596836
-247314.46218 0.0289397794685
-247558.602805 0.0289376056909
-247802.74343 0.0289354383254
-248046.884055 0.0289332773468
-248291.02468 0.0289311227301
-248535.165305 0.0289289744504
-248779.30593 0.0289268324829
-249023.446555 0.0289246968027
-249267.58718 0.0289225673855
-249511.727805 0.0289204442066
-249755.86843 0.0289183272418
