2499999.86446 0.00210664857556
2497558.45821 0.00210678386705
2495117.05196 0.00210691955584
2492675.64571 0.00210705564349
2490234.23946 0.00210719213155
2487792.83321 0.0021073290216
2485351.42696 0.00210746631523
2482910.02071 0.00210760401401
2480468.61446 0.00210774211954
2478027.20821 0.00210788063344
2475585.80196 0.0021080195573
2473144.39571 0.00210815889275
2470702.98946 0.00210829864142
2468261.58321 0.00210843880493
2465820.17696 0.00210857938495
2463378.77071 0.00210872038311
2460937.36446 0.00210886180107
2458495.95821 0.00210900364051
2456054.55196 0.00210914590311
2453613.14571 0.00210928859053
2451171.73946 0.00210943170449
2448730.33321 0.00210957524668
2446288.92696 0.00210971921881
2443847.52071 0.0021098636226
2441406.11446 0.00211000845978
2438964.70821 0.00211015373208
2436523.30196 0.00211029944125
2434081.89571 0.00211044558904
2431640.48946 0.00211059217721
2429199.08321 0.00211073920754
2426757.67696 0.0021108866818
2424316.27071 0.00211103460179
2421874.86446 0.00211118296929
2419433.45821 0.00211133178613
2416992.05196 0.00211148105411
2414550.64571 0.00211163077506
2412109.23946 0.00211178095081
2409667.83321 0.00211193158322
2407226.42696 0.00211208267412
2404785.02071 0.00211223422539
2402343.61446 0.00211238623889
2399902.20821 0.00211253871652
2397460.80196 0.00211269166015
2395019.39571 0.00211284507169
2392577.98946 0.00211299895305
2390136.58321 0.00211315330616
2387695.17696 0.00211330813293
2385253.77071 0.00211346343532
2382812.36446 0.00211361921527
2380370.95821 0.00211377547474
2377929.55196 0.0021139322157
2375488.14571 0.00211408944013
2373046.73946 0.00211424715002
2370605.33321 0.00211440534738
2368163.92696 0.00211456403421
2365722.52071 0.00211472321254
2363281.11446 0.00211488288439
2360839.70821 0.00211504305181
2358398.30196 0.00211520371685
2355956.89571 0.00211536488157
2353515.48946 0.00211552654806
2351074.08321 0.00211568871839
2348632.67696 0.00211585139466
2346191.27071 0.00211601457898
2343749.86446 0.00211617827346
2341308.45821 0.00211634248023
2338867.05196 0.00211650720144
2336425.64571 0.00211667243923
2333984.23946 0.00211683819577
2331542.83321 0.00211700447323
2329101.42696 0.00211717127379
2326660.02071 0.00211733859965
2324218.61446 0.00211750645303
2321777.20821 0.00211767483613
2319335.80196 0.00211784375119
2316894.39571 0.00211801320046
2314452.98946 0.00211818318618
2312011.58321 0.00211835371063
2309570.17696 0.00211852477609
2307128.77071 0.00211869638484
2304687.36446 0.00211886853919
2302245.95821 0.00211904124145
2299804.55196 0.00211921449395
2297363.14571 0.00211938829903
2294921.73946 0.00211956265904
2292480.33321 0.00211973757636
2290038.92696 0.00211991305334
2287597.52071 0.0021200890924
2285156.11446 0.00212026569592
2282714.70821 0.00212044286632
2280273.30196 0.00212062060604
2277831.89571 0.00212079891752
2275390.48946 0.0021209778032
2272949.08321 0.00212115726556
2270507.67696 0.00212133730708
2268066.27071 0.00212151793025
2265624.86446 0.00212169913759
2263183.45821 0.0021218809316
2260742.05196 0.00212206331484
2258300.64571 0.00212224628985
2255859.23946 0.00212242985918
2253417.83321 0.00212261402542
2250976.42696 0.00212279879116
2248535.02071 0.002122984159
2246093.61446 0.00212317013157
2243652.20821 0.00212335671149
2241210.80196 0.00212354390141
2238769.39571 0.00212373170399
2236327.98946 0.00212392012192
2233886.58321 0.00212410915788
2231445.17696 0.00212429881457
2229003.77071 0.00212448909472
2226562.36446 0.00212468000107
2224120.95821 0.00212487153636
2221679.55196 0.00212506370336
2219238.14571 0.00212525650485
2216796.73946 0.00212544994363
2214355.33321 0.0021256440225
2211913.92696 0.00212583874431
2209472.52071 0.00212603411188
2207031.11446 0.00212623012808
2204589.70821 0.00212642679578
2202148.30196 0.00212662411787
2199706.89571 0.00212682209726
2197265.48946 0.00212702073688
2194824.08321 0.00212722003965
2192382.67696 0.00212742000854
2189941.27071 0.00212762064651
2187499.86446 0.00212782195656
2185058.45821 0.00212802394169
2182617.05196 0.00212822660491
2180175.64571 0.00212842994928
2177734.23946 0.00212863397785
2175292.83321 0.00212883869368
2172851.42696 0.00212904409987
2170410.02071 0.00212925019953
2167968.61446 0.00212945699578
2165527.20821 0.00212966449177
2163085.80196 0.00212987269064
2160644.39571 0.00213008159559
2158202.98946 0.00213029120981
2155761.58321 0.00213050153652
2153320.17696 0.00213071257893
2150878.77071 0.00213092434032
2148437.36446 0.00213113682394
2145995.95821 0.00213135003308
2143554.55196 0.00213156397105
2141113.14571 0.00213177864119
2138671.73946 0.00213199404682
2136230.33321 0.00213221019131
2133788.92696 0.00213242707805
2131347.52071 0.00213264471045
2128906.11446 0.00213286309191
2126464.70821 0.00213308222589
2124023.30196 0.00213330211584
2121581.89571 0.00213352276524
2119140.48946 0.00213374417761
2116699.08321 0.00213396635645
2114257.67696 0.00213418930531
2111816.27071 0.00213441302775
2109374.86446 0.00213463752736
2106933.45821 0.00213486280774
2104492.05196 0.00213508887251
2102050.64571 0.00213531572532
2099609.23946 0.00213554336983
2097167.83321 0.00213577180974
2094726.42696 0.00213600104876
2092285.02071 0.0021362310906
2089843.61446 0.00213646193904
2087402.20821 0.00213669359784
2084960.80196 0.0021369260708
2082519.39571 0.00213715936174
2080077.98946 0.0021373934745
2077636.58321 0.00213762841295
2075195.17696 0.00213786418097
2072753.77071 0.00213810078248
2070312.36446 0.0021383382214
2067870.95821 0.0021385765017
2065429.55196 0.00213881562735
2062988.14571 0.00213905560235
2060546.73946 0.00213929643074
2058105.33321 0.00213953811657
2055663.92696 0.0021397806639
2053222.52071 0.00214002407684
2050781.11446 0.00214026835952
2048339.70821 0.00214051351608
2045898.30196 0.00214075955069
2043456.89571 0.00214100646755
2041015.48946 0.00214125427089
2038574.08321 0.00214150296495
2036132.67696 0.00214175255401
2033691.27071 0.00214200304236
2031249.86446 0.00214225443434
2028808.45821 0.00214250673429
2026367.05196 0.0021427599466
2023925.64571 0.00214301407565
2021484.23946 0.0021432691259
2019042.83321 0.00214352510179
2016601.42696 0.0021437820078
2014160.02071 0.00214403984846
2011718.61446 0.0021442986283
2009277.20821 0.00214455835188
2006835.80196 0.0021448190238
2004394.39571 0.00214508064868
2001952.98946 0.00214534323118
1999511.58321 0.00214560677596
1997070.17696 0.00214587128775
1994628.77071 0.00214613677127
1992187.36446 0.0021464032313
1989745.95821 0.00214667067262
1987304.55196 0.00214693910006
1984863.14571 0.00214720851847
1982421.73946 0.00214747893275
1979980.33321 0.00214775034779
1977538.92696 0.00214802276855
1975097.52071 0.00214829620001
1972656.11446 0.00214857064715
1970214.70821 0.00214884611504
1967773.30196 0.00214912260872
1965331.89571 0.0021494001333
1962890.48946 0.00214967869392
1960449.08321 0.00214995829573
1958007.67696 0.00215023894393
1955566.27071 0.00215052064374
1953124.86446 0.00215080340044
1950683.45821 0.0021510872193
1948242.05196 0.00215137210567
1945800.64571 0.00215165806489
1943359.23946 0.00215194510236
1940917.83321 0.00215223322351
1938476.42696 0.0021525224338
1936035.02071 0.00215281273873
1933593.61446 0.00215310414383
1931152.20821 0.00215339665466
1928710.80196 0.00215369027682
1926269.39571 0.00215398501596
1923827.98946 0.00215428087774
1921386.58321 0.00215457786787
1918945.17696 0.0021548759921
1916503.77071 0.00215517525621
1914062.36446 0.00215547566601
1911620.95821 0.00215577722737
1909179.55196 0.00215607994617
1906738.14571 0.00215638382834
1904296.73946 0.00215668887986
1901855.33321 0.00215699510674
1899413.92696 0.00215730251501
1896972.52071 0.00215761111076
1894531.11446 0.00215792090011
1892089.70821 0.00215823188924
1889648.30196 0.00215854408434
1887206.89571 0.00215885749165
1884765.48946 0.00215917211746
1882324.08321 0.00215948796809
1879882.67696 0.00215980504991
1877441.27071 0.00216012336933
1874999.86446 0.0021604429328
1872558.45821 0.00216076374679
1870117.05196 0.00216108581786
1867675.64571 0.00216140915257
1865234.23946 0.00216173375754
1862792.83321 0.00216205963944
1860351.42696 0.00216238680497
1857910.02071 0.00216271526088
1855468.61446 0.00216304501397
1853027.20821 0.00216337607108
1850585.80196 0.00216370843908
1848144.39571 0.00216404212491
1845702.98946 0.00216437713555
1843261.58321 0.00216471347802
1840820.17696 0.00216505115938
1838378.77071 0.00216539018675
1835937.36446 0.0021657305673
1833495.95821 0.00216607230824
1831054.55196 0.00216641541682
1828613.14571 0.00216675990035
1826171.73946 0.00216710576618
1823730.33321 0.00216745302173
1821288.92696 0.00216780167445
1818847.52071 0.00216815173184
1816406.11446 0.00216850320145
1813964.70821 0.0021688560909
1811523.30196 0.00216921040784
1809081.89571 0.00216956615999
1806640.48946 0.00216992335509
1804199.08321 0.00217028200098
1801757.67696 0.0021706421055
1799316.27071 0.00217100367659
1796874.86446 0.00217136672221
1794433.45821 0.00217173125041
1791992.05196 0.00217209726925
1789550.64571 0.00217246478687
1787109.23946 0.00217283381148
1784667.83321 0.00217320435132
1782226.42696 0.0021735764147
1779785.02071 0.00217395000998
1777343.61446 0.00217432514558
1774902.20821 0.00217470182998
1772460.80196 0.00217508007172
1770019.39571 0.00217545987939
1767577.98946 0.00217584126166
1765136.58321 0.00217622422722
1762695.17696 0.00217660878487
1760253.77071 0.00217699494344
1757812.36446 0.00217738271182
1755370.95821 0.00217777209898
1752929.55196 0.00217816311394
1750488.14571 0.00217855576578
1748046.73946 0.00217895006365
1745605.33321 0.00217934601677
1743163.92696 0.00217974363441
1740722.52071 0.00218014292592
1738281.11446 0.0021805439007
1735839.70821 0.00218094656823
1733398.30196 0.00218135093804
1730956.89571 0.00218175701976
1728515.48946 0.00218216482304
1726074.08321 0.00218257435765
1723632.67696 0.00218298563339
1721191.27071 0.00218339866014
1718749.86446 0.00218381344786
1716308.45821 0.00218423000657
1713867.05196 0.00218464834638
1711425.64571 0.00218506847744
1708984.23946 0.00218549040999
1706542.83321 0.00218591415436
1704101.42696 0.00218633972093
1701660.02071 0.00218676712016
1699218.61446 0.00218719636259
1696777.20821 0.00218762745883
1694335.80196 0.00218806041958
1691894.39571 0.00218849525559
1689452.98946 0.00218893197772
1687011.58321 0.00218937059688
1684570.17696 0.00218981112408
1682128.77071 0.00219025357041
1679687.36446 0.00219069794702
1677245.95821 0.00219114426516
1674804.55196 0.00219159253616
1672363.14571 0.00219204277142
1669921.73946 0.00219249498244
1667480.33321 0.00219294918079
1665038.92696 0.00219340537814
1662597.52071 0.00219386358623
1660156.11446 0.00219432381689
1657714.70821 0.00219478608206
1655273.30196 0.00219525039372
1652831.89571 0.00219571676399
1650390.48946 0.00219618520505
1647949.08321 0.00219665572917
1645507.67696 0.00219712834873
1643066.27071 0.00219760307619
1640624.86446 0.00219807992409
1638183.45821 0.00219855890509
1635742.05196 0.00219904003192
1633300.64571 0.00219952331743
1630859.23946 0.00220000877453
1628417.83321 0.00220049641628
1625976.42696 0.00220098625578
1623535.02071 0.00220147830627
1621093.61446 0.00220197258107
1618652.20821 0.00220246909362
1616210.80196 0.00220296785742
1613769.39571 0.00220346888613
1611327.98946 0.00220397219346
1608886.58321 0.00220447779326
1606445.17696 0.00220498569947
1604003.77071 0.00220549592614
1601562.36446 0.00220600848742
1599120.95821 0.00220652339758
1596679.55196 0.002207040671
1594238.14571 0.00220756032214
1591796.73946 0.00220808236562
1589355.33321 0.00220860681613
1586913.92696 0.0022091336885
1584472.52071 0.00220966299766
1582031.11446 0.00221019475866
1579589.70821 0.00221072898666
1577148.30196 0.00221126569695
1574706.89571 0.00221180490493
1572265.48946 0.00221234662611
1569824.08321 0.00221289087615
1567382.67696 0.00221343767081
1564941.27071 0.00221398702597
1562499.86446 0.00221453895764
1560058.45821 0.00221509348196
1557617.05196 0.00221565061519
1555175.64571 0.00221621037373
1552734.23946 0.00221677277409
1550292.83321 0.00221733783292
1547851.42696 0.002217905567
1545410.02071 0.00221847599325
1542968.61446 0.00221904912871
1540527.20821 0.00221962499057
1538085.80196 0.00222020359615
1535644.39571 0.0022207849629
1533202.98946 0.00222136910841
1530761.58321 0.00222195605043
1528320.17696 0.00222254580683
1525878.77071 0.00222313839563
1523437.36446 0.00222373383501
1520995.95821 0.00222433214326
1518554.55196 0.00222493333884
1516113.14571 0.00222553744038
1513671.73946 0.00222614446661
1511230.33321 0.00222675443646
1508788.92696 0.00222736736897
1506347.52071 0.00222798328338
1503906.11446 0.00222860219905
1501464.70821 0.00222922413551
1499023.30196 0.00222984911245
1496581.89571 0.00223047714973
1494140.48946 0.00223110826734
1491699.08321 0.00223174248548
1489257.67696 0.00223237982447
1486816.27071 0.00223302030484
1484374.86446 0.00223366394725
1481933.45821 0.00223431077255
1479492.05196 0.00223496080177
1477050.64571 0.00223561405609
1474609.23946 0.00223627055689
1472167.83321 0.00223693032571
1469726.42696 0.00223759338428
1467285.02071 0.0022382597545
1464843.61446 0.00223892945846
1462402.20821 0.00223960251844
1459960.80196 0.00224027895689
1457519.39571 0.00224095879647
1455077.98946 0.00224164206
1452636.58321 0.00224232877053
1450195.17696 0.00224301895126
1447753.77071 0.00224371262563
1445312.36446 0.00224440981726
1442870.95821 0.00224511054994
1440429.55196 0.00224581484772
1437988.14571 0.0022465227348
1435546.73946 0.00224723423563
1433105.33321 0.00224794937483
1430663.92696 0.00224866817726
1428222.52071 0.00224939066797
1425781.11446 0.00225011687225
1423339.70821 0.00225084681557
1420898.30196 0.00225158052366
1418456.89571 0.00225231802244
1416015.48946 0.00225305933808
1413574.08321 0.00225380449695
1411132.67696 0.00225455352566
1408691.27071 0.00225530645105
1406249.86446 0.0022560633002
1403808.45821 0.00225682410043
1401367.05196 0.00225758887926
1398925.64571 0.0022583576645
1396484.23946 0.00225913048417
1394042.83321 0.00225990736656
1391601.42696 0.00226068834018
1389160.02071 0.00226147343381
1386718.61446 0.00226226267647
1384277.20821 0.00226305609747
1381835.80196 0.00226385372633
1379394.39571 0.00226465559287
1376952.98946 0.00226546172715
1374511.58321 0.00226627215951
1372070.17696 0.00226708692055
1369628.77071 0.00226790604117
1367187.36446 0.00226872955251
1364745.95821 0.002269557486
1362304.55196 0.00227038987337
1359863.14571 0.00227122674661
1357421.73946 0.00227206813801
1354980.33321 0.00227291408016
1352538.92696 0.00227376460593
1350097.52071 0.00227461974848
1347656.11446 0.00227547954129
1345214.70821 0.00227634401815
1342773.30196 0.00227721321312
1340331.89571 0.0022780871606
1337890.48946 0.00227896589531
1335449.08321 0.00227984945226
1333007.67696 0.0022807378668
1330566.27071 0.00228163117461
1328124.86446 0.00228252941168
1325683.45821 0.00228343261434
1323242.05196 0.00228434081925
1320800.64571 0.00228525406342
1318359.23946 0.0022861723842
1315917.83321 0.00228709581929
1313476.42696 0.00228802440671
1311035.02071 0.00228895818488
1308593.61446 0.00228989719255
1306152.20821 0.00229084146884
1303710.80196 0.00229179105323
1301269.39571 0.00229274598558
1298827.98946 0.00229370630613
1296386.58321 0.00229467205548
1293945.17696 0.00229564327462
1291503.77071 0.00229662000493
1289062.36446 0.0022976022882
1286620.95821 0.00229859016658
1284179.55196 0.00229958368265
1281738.14571 0.00230058287939
1279296.73946 0.00230158780017
1276855.33321 0.00230259848881
1274413.92696 0.00230361498952
1271972.52071 0.00230463734694
1269531.11446 0.00230566560616
1267089.70821 0.00230669981268
1264648.30196 0.00230774001245
1262206.89571 0.00230878625187
1259765.48946 0.00230983857777
1257324.08321 0.00231089703746
1254882.67696 0.00231196167869
1252441.27071 0.00231303254969
1249999.86446 0.00231410969915
1247558.45821 0.00231519317625
1245117.05196 0.00231628303063
1242675.64571 0.00231737931245
1240234.23946 0.00231848207233
1237792.83321 0.00231959136142
1235351.42696 0.00232070723135
1232910.02071 0.00232182973427
1230468.61446 0.00232295892286
1228027.20821 0.00232409485031
1225585.80196 0.00232523757035
1223144.39571 0.00232638713722
1220702.98946 0.00232754360575
1218261.58321 0.00232870703127
1215820.17696 0.00232987746971
1213378.77071 0.00233105497752
1210937.36446 0.00233223961175
1208495.95821 0.00233343143001
1206054.55196 0.00233463049052
1203613.14571 0.00233583685205
1201171.73946 0.002337050574
1198730.33321 0.00233827171636
1196288.92696 0.00233950033974
1193847.52071 0.00234073650536
1191406.11446 0.00234198027507
1188964.70821 0.00234323171137
1186523.30196 0.00234449087739
1184081.89571 0.00234575783691
1181640.48946 0.00234703265437
1179199.08321 0.00234831539489
1176757.67696 0.00234960612424
1174316.27071 0.00235090490891
1171874.86446 0.00235221181604
1169433.45821 0.00235352691351
1166992.05196 0.00235485026989
1164550.64571 0.00235618195446
1162109.23946 0.00235752203726
1159667.83321 0.00235887058904
1157226.42696 0.00236022768131
1154785.02071 0.00236159338632
1152343.61446 0.00236296777711
1149902.20821 0.00236435092748
1147460.80196 0.00236574291201
1145019.39571 0.00236714380609
1142577.98946 0.00236855368591
1140136.58321 0.00236997262847
1137695.17696 0.00237140071161
1135253.77071 0.00237283801399
1132812.36446 0.00237428461513
1130370.95821 0.00237574059542
1127929.55196 0.00237720603609
1125488.14571 0.00237868101927
1123046.73946 0.00238016562799
1120605.33321 0.00238165994617
1118163.92696 0.00238316405865
1115722.52071 0.00238467805121
1113281.11446 0.00238620201055
1110839.70821 0.00238773602434
1108398.30196 0.00238928018122
1105956.89571 0.00239083457079
1103515.48946 0.00239239928366
1101074.08321 0.00239397441142
1098632.67696 0.00239556004671
1096191.27071 0.00239715628318
1093749.86446 0.00239876321554
1091308.45821 0.00240038093954
1088867.05196 0.00240200955202
1086425.64571 0.0024036491509
1083984.23946 0.00240529983522
1081542.83321 0.00240696170512
1079101.42696 0.00240863486187
1076660.02071 0.00241031940791
1074218.61446 0.00241201544682
1071777.20821 0.00241372308339
1069335.80196 0.00241544242357
1066894.39571 0.00241717357455
1064452.98946 0.00241891664474
1062011.58321 0.0024206717438
1059570.17696 0.00242243898265
1057128.77071 0.0024242184735
1054687.36446 0.00242601032984
1052245.95821 0.00242781466649
1049804.55196 0.00242963159962
1047363.14571 0.00243146124672
1044921.73946 0.00243330372669
1042480.33321 0.0024351591598
1040038.92696 0.00243702766773
1037597.52071 0.0024389093736
1035156.11446 0.00244080440199
1032714.70821 0.00244271287894
1030273.30196 0.002444634932
1027831.89571 0.00244657069021
1025390.48946 0.00244852028416
1022949.08321 0.00245048384601
1020507.67696 0.00245246150949
1018066.27071 0.00245445340993
1015624.86446 0.0024564596843
1013183.45821 0.00245848047121
1010742.05196 0.00246051591094
1008300.64571 0.00246256614549
1005859.23946 0.00246463131857
1003417.83321 0.00246671157563
1000976.42696 0.00246880706391
998535.020714 0.00247091793245
996093.614464 0.0024730443321
993652.208214 0.00247518641559
991210.801964 0.00247734433751
988769.395714 0.00247951825437
986327.989464 0.00248170832461
983886.583214 0.00248391470864
981445.176964 0.00248613756887
979003.770714 0.00248837706973
976562.364464 0.00249063337771
974120.958214 0.00249290666139
971679.551964 0.00249519709146
969238.145714 0.00249750484076
966796.739464 0.00249983008433
964355.333214 0.0025021729994
961913.926964 0.00250453376547
959472.520714 0.00250691256432
957031.114464 0.00250930958005
954589.708214 0.0025117249991
952148.301964 0.00251415901033
949706.895714 0.002516611805
947265.489464 0.00251908357686
944824.083214 0.00252157452214
942382.676964 0.00252408483963
939941.270714 0.00252661473069
937499.864464 0.00252916439932
935058.458214 0.00253173405216
932617.051964 0.00253432389859
930175.645714 0.0025369341507
927734.239464 0.00253956502339
925292.833214 0.0025422167344
922851.426964 0.00254488950435
920410.020714 0.00254758355677
917968.614464 0.00255029911819
915527.208214 0.00255303641815
913085.801964 0.00255579568924
910644.395714 0.0025585771672
908202.989464 0.00256138109092
905761.583214 0.00256420770252
903320.176964 0.00256705724738
900878.770714 0.00256992997423
898437.364464 0.00257282613516
895995.958214 0.00257574598569
893554.551964 0.00257868978485
891113.145714 0.00258165779521
888671.739464 0.00258465028296
886230.333214 0.00258766751793
883788.926964 0.0025907097737
881347.520714 0.00259377732765
878906.114464 0.00259687046098
876464.708214 0.00259998945883
874023.301964 0.00260313461033
871581.895714 0.00260630620863
869140.489464 0.00260950455104
866699.083214 0.00261272993903
864257.676964 0.00261598267833
861816.270714 0.00261926307901
859374.864464 0.00262257145555
856933.458214 0.00262590812689
854492.051964 0.00262927341655
852050.645714 0.00263266765268
849609.239464 0.00263609116815
847167.833214 0.0026395443006
844726.426964 0.00264302739258
842285.020714 0.0026465407916
839843.614464 0.00265008485022
837402.208214 0.00265365992614
834960.801964 0.00265726638229
832519.395714 0.00266090458691
830077.989464 0.00266457491368
827636.583214 0.00266827774178
825195.176964 0.00267201345601
822753.770714 0.00267578244686
820312.364464 0.00267958511065
817870.958214 0.00268342184961
815429.551964 0.002687293072
812988.145714 0.00269119919219
810546.739464 0.00269514063082
808105.333214 0.00269911781487
805663.926964 0.00270313117778
803222.520714 0.0027071811596
800781.114464 0.00271126820708
798339.708214 0.0027153927738
795898.301964 0.00271955532031
793456.895714 0.00272375631421
791015.489464 0.00272799623037
788574.083214 0.00273227555098
786132.676964 0.00273659476571
783691.270714 0.00274095437189
781249.864464 0.00274535487459
778808.458214 0.00274979678682
776367.051964 0.00275428062964
773925.645714 0.00275880693235
771484.239464 0.00276337623262
769042.833214 0.00276798907663
766601.426964 0.00277264601929
764160.020714 0.00277734762437
761718.614464 0.00278209446466
759277.208214 0.00278688712217
756835.801964 0.0027917261883
754394.395714 0.00279661226402
751952.989464 0.00280154596004
749511.583214 0.00280652789706
747070.176964 0.00281155870587
744628.770714 0.00281663902764
742187.364464 0.00282176951406
739745.958214 0.0028269508276
737304.551964 0.00283218364169
734863.145714 0.00283746864092
732421.739464 0.00284280652134
729980.333214 0.0028481979906
727538.926964 0.00285364376824
725097.520714 0.00285914458592
722656.114464 0.00286470118763
720214.708214 0.00287031433001
717773.301964 0.00287598478255
715331.895714 0.00288171332786
712890.489464 0.00288750076196
710449.083214 0.00289334789456
708007.676964 0.00289925554932
705566.270714 0.00290522456413
703124.864464 0.00291125579147
700683.458214 0.00291735009864
698242.051964 0.0029235083681
695800.645714 0.00292973149781
693359.239464 0.00293602040152
690917.833214 0.00294237600913
688476.426964 0.00294879926705
686035.020714 0.00295529113848
683593.614464 0.00296185260386
681152.208214 0.00296848466119
678710.801964 0.0029751883264
676269.395714 0.00298196463378
673827.989464 0.00298881463634
671386.583214 0.00299573940625
668945.176964 0.00300274003521
666503.770714 0.00300981763495
664062.364464 0.00301697333761
661620.958214 0.00302420829622
659179.551964 0.00303152368518
656738.145714 0.00303892070067
654296.739464 0.00304640056123
651855.333214 0.00305396450819
649413.926964 0.00306161380621
646972.520714 0.00306934974382
644531.114464 0.00307717363393
642089.708214 0.00308508681443
639648.301964 0.00309309064871
637206.895714 0.00310118652629
634765.489464 0.00310937586341
632324.083214 0.00311766010362
629882.676964 0.00312604071846
627441.270714 0.00313451920808
624999.864464 0.00314309710194
622558.458214 0.00315177595946
620117.051964 0.00316055737076
617675.645714 0.00316944295736
615234.239464 0.00317843437297
612792.833214 0.00318753330421
610351.426964 0.00319674147143
607910.020714 0.00320606062952
605468.614464 0.00321549256871
603027.208214 0.0032250391155
600585.801964 0.00323470213346
598144.395714 0.00324448352419
595702.989464 0.00325438522827
593261.583214 0.00326440922614
590820.176964 0.00327455753919
588378.770714 0.0032848322307
585937.364464 0.00329523540693
583495.958214 0.00330576921817
581054.551964 0.00331643585988
578613.145714 0.0033272375738
576171.739464 0.00333817664915
573730.333214 0.00334925542383
571288.926964 0.00336047628567
568847.520714 0.00337184167371
566406.114464 0.00338335407952
563964.708214 0.00339501604859
561523.301964 0.0034068301817
559081.895714 0.00341879913638
556640.489464 0.00343092562842
554199.083214 0.00344321243335
551757.676964 0.00345566238813
549316.270714 0.00346827839266
546874.864464 0.00348106341158
544433.458214 0.0034940204759
541992.051964 0.00350715268491
539550.645714 0.00352046320791
537109.239464 0.00353395528622
534667.833214 0.00354763223508
532226.426964 0.00356149744573
529785.020714 0.00357555438747
527343.614464 0.00358980660984
524902.208214 0.00360425774489
522460.801964 0.00361891150942
520019.395714 0.00363377170742
517577.989464 0.00364884223254
515136.583214 0.00366412707057
512695.176964 0.00367963030214
510253.770714 0.0036953561054
507812.364464 0.00371130875885
505370.958214 0.00372749264423
502929.551964 0.00374391224952
500488.145714 0.00376057217206
498046.739464 0.00377747712173
495605.333214 0.00379463192431
493163.926964 0.00381204152491
490722.520714 0.00382971099148
488281.114464 0.00384764551857
485839.708214 0.00386585043106
483398.301964 0.00388433118813
480956.895714 0.00390309338739
478515.489464 0.00392214276902
476074.083214 0.00394148522024
473632.676964 0.00396112677978
471191.270714 0.00398107364261
468749.864464 0.00400133216482
466308.458214 0.00402190886865
463867.051964 0.00404281044774
461425.645714 0.00406404377257
458984.239464 0.00408561589606
456542.833214 0.00410753405943
454101.426964 0.00412980569827
451660.020714 0.00415243844881
449218.614464 0.00417544015447
446777.208214 0.00419881887261
444335.801964 0.00422258288159
441894.395714 0.00424674068806
439452.989464 0.00427130103457
437011.583214 0.00429627290745
434570.176964 0.00432166554498
432128.770714 0.00434748844595
429687.364464 0.0043737513785
427245.958214 0.00440046438933
424804.551964 0.00442763781328
422363.145714 0.00445528228327
419921.739464 0.00448340874073
417480.333214 0.00451202844633
415038.926964 0.00454115299125
412597.520714 0.00457079430888
410156.114464 0.00460096468697
407714.708214 0.00463167678037
405273.301964 0.00466294362423
402831.895714 0.00469477864777
400390.489464 0.00472719568868
397949.083214 0.00476020900812
395507.676964 0.00479383330627
393066.270714 0.00482808373875
390624.864464 0.00486297593353
388183.458214 0.00489852600876
385742.051964 0.00493475059132
383300.645714 0.00497166683612
380859.239464 0.00500929244642
378417.833214 0.00504764569492
375976.426964 0.00508674544585
373535.020714 0.00512661117814
371093.614464 0.00516726300952
368652.208214 0.00520872172183
366210.801964 0.00525100878745
363769.395714 0.00529414639703
361327.989464 0.00533815748844
358886.583214 0.00538306577713
356445.176964 0.005428895788
354003.770714 0.00547567288867
351562.364464 0.00552342332445
349120.958214 0.00557217425503
346679.551964 0.00562195379285
344238.145714 0.00567279104352
341796.739464 0.0057247161481
339355.333214 0.00577776032763
336913.926964 0.00583195592978
334472.520714 0.00588733647796
332031.114464 0.00594393672289
329589.708214 0.00600179269685
327148.301964 0.00606094177074
324706.895714 0.00612142271409
322265.489464 0.00618327575831
319824.083214 0.00624654266318
317382.676964 0.006311266787
314941.270714 0.00637749316045
312499.864464 0.00644526856447
310058.458214 0.00651464161244
307617.051964 0.00658566283682
305175.645714 0.00665838478066
302734.239464 0.00673286209417
300292.833214 0.00680915163683
297851.426964 0.00688731258522
295410.020714 0.00696740654706
292968.614464 0.00704949768186
290527.208214 0.00713365282856
288085.801964 0.00721994164073
285644.395714 0.00730843672971
283202.989464 0.00739921381637
280761.583214 0.00749235189192
278320.176964 0.0075879333886
275878.770714 0.00768604436074
273437.364464 0.0077867746771
270995.958214 0.0078902182251
268554.551964 0.00799647312796
266113.145714 0.00810564197567
263671.739464 0.00821783207062
261230.333214 0.00833315568922
258788.926964 0.00845173036057
256347.520714 0.00857367916336
253906.114464 0.00869913104266
251464.708214 0.00882822114783
249023.301964 0.00896109119333
246581.895714 0.00909788984423
244140.489464 0.00923877312826
241699.083214 0.00938390487663
239257.676964 0.00953345719579
236816.270714 0.00968761097282
234374.864464 0.00984655641696
231933.458214 0.0100104936405
229492.051964 0.0101796332822
227050.645714 0.0103541971769
224609.239464 0.0105344190747
222167.833214 0.0107205454157
219726.426964 0.0109128361623
217285.020714 0.0111115656969
214843.614464 0.0113170237894
212402.208214 0.0115295166405
209960.801964 0.0117493680091
207519.395714 0.0119769204294
205077.989464 0.012212536529
202636.583214 0.0124566004535
200195.176964 0.0127095194123
197753.770714 0.0129717253528
195312.364464 0.0132436767795
192870.958214 0.0135258607286
190429.551964 0.0138187949168
187988.145714 0.0141230300793
185546.739464 0.0144391525184
183105.333214 0.0147677868821
180663.926964 0.0151095991999
178222.520714 0.0154653001991
175781.114464 0.0158356489359
173339.708214 0.0162214567719
170898.301964 0.0166235917361
168456.895714 0.0170429833149
166015.489464 0.0174806277181
163574.083214 0.0179375936758
161132.676964 0.0184150288281
158691.270714 0.0189141667761
156249.864464 0.0194363348752
153808.458214 0.0199829628586
151367.051964 0.0205555923943
148925.645714 0.0211558876911
146484.239464 0.0217856472866
144042.833214 0.022446817169
141601.426964 0.0231415054062
139160.020714 0.0238719984815
136718.614464 0.0246407795651
134277.208214 0.0254505489857
131835.801964 0.0263042472063
129394.395714 0.027205080658
126952.989464 0.0281565508384
124511.583214 0.0291624871515
122070.176964 0.0302270840404
119628.770714 0.0313549430578
117187.364464 0.0325511206293
114745.958214 0.0338211823935
112304.551964 0.0351712651573
109863.145714 0.0366081476919
107421.739464 0.0381393318142
104980.333214 0.0397731354653
102538.926964 0.0415187998182
100097.520714 0.0433866128307
97656.114464 0.0453880521285
95214.708214 0.0475359506674
92773.301964 0.0498446893103
90331.895714 0.0523304212908
87890.489464 0.0550113345559
85449.083214 0.057907959224
83007.676964 0.0610435289184
80566.270714 0.064444406605
78124.864464 0.0681405878444
75683.458214 0.0721662971704
73242.051964 0.0765606967283
70800.645714 0.0813687304756
68359.239464 0.0866421323127
65917.833214 0.0924406325981
63476.426964 0.0988334047463
61035.020714 0.105900802057
58593.614464 0.113736444483
56152.208214 0.122449725329
53710.801964 0.132168817911
51269.395714 0.143044269998
48827.989464 0.155253275557
46386.583214 0.169004701814
43945.176964 0.18454491234
41503.770714 0.202164341564
39062.364464 0.222204605118
36620.958214 0.245065610342
34179.551964 0.271211558865
31738.145714 0.301173746439
29296.739464 0.335546424749
26855.333214 0.374969379812
24413.926964 0.420086979348
21972.520714 0.471468179566
19531.114464 0.529466233674
17089.708214 0.593993880032
14648.301964 0.66419763129
12206.895714 0.738048197866
9765.489464 0.811940848054
7324.083214 0.880519927395
4882.676964 0.937044858484
2441.270714 0.974548467386
-0.135536 0.987653504364
-2441.541786 0.974332983725
-4882.948036 0.936646571066
-7324.354286 0.879992638977
-9765.760536 0.811343362448
-12207.166786 0.737431466877
-14648.573036 0.663598660203
-17089.979286 0.593435423821
-19531.385536 0.528959567689
-21972.791786 0.471016646973
-24414.198036 0.419689088982
-26855.604286 0.374621068565
-29297.010536 0.33524253093
-31738.416786 0.300908885236
-34179.823036 0.270980595412
-36621.229286 0.244863882764
-39062.635536 0.222028002153
-41504.041786 0.202009301237
-43945.448036 0.184408381685
-46386.854286 0.168884080583
-48828.260536 0.155146356412
-51269.666786 0.142949181508
-53711.073036 0.132083973195
-56152.479286 0.122373777264
-58593.885536 0.113668247388
-61035.291786 0.105839379329
-63476.698036 0.0987779217291
-65918.104286 0.0923903739279
-68359.510536 0.0865964830551
-70800.916786 0.0813271604247
-73242.323036 0.0765227473363
-75683.729286 0.0721315706548
-78125.135536 0.068108738094
-80566.541786 0.0644151315744
-83007.948036 0.0610165642501
-85449.354286 0.0578830728883
-87890.760536 0.0549883223337
-90332.166786 0.0523091029559
-92773.573036 0.0498249053951
-95214.979286 0.047517559714
-97656.385536 0.0453709283461
-100097.791786 0.0433706440946
-102539.198036 0.0415038859547
-104980.604286 0.0397591867784
-107422.010536 0.0381262678166
-109863.416786 0.0365958960088
-112304.823036 0.0351597605774
-114746.229286 0.0338103660452
-117187.635536 0.0325409392641
-119629.041786 0.0313453484249
-122070.448036 0.0302180323405
-124511.854286 0.0291539385578
-126953.260536 0.0281484690762
-129394.666786 0.027197432635
-131836.073036 0.0262970026862
-134277.479286 0.0254436803
-136718.885536 0.0246342613581
-139160.291786 0.0238658074839
-141601.698036 0.023135620234
-144043.104286 0.0224412181446
-146484.510536 0.0217803162789
-148925.916786 0.0211508079733
-151367.323036 0.0205507485159
-153808.729286 0.0199783405312
-156250.135536 0.0194319208698
-158691.541786 0.0189099488309
-161132.948036 0.0184109955652
-163574.354286 0.0179337345264
-166015.760536 0.0174769328545
-168457.166786 0.0170394435898
-170898.573036 0.0166201986268
-173339.979286 0.0162182023302
-175781.385536 0.0158325257425
-178222.791786 0.0154623013219
-180664.198036 0.0151067181565
-183105.604286 0.0147650176055
-185547.010536 0.0144364893253
-187988.416786 0.0141204676417
-190429.823036 0.0138163282356
-192871.229286 0.0135234851098
-195312.635536 0.0132413878121
-197754.041786 0.0129695188888
-200195.448036 0.0127073915479
-202636.854286 0.0124545475124
-205078.260536 0.0122105550465
-207519.666786 0.0119750071383
-209961.073036 0.0117475198259
-212402.479286 0.0115277306537
-214843.885536 0.0113152972479
-217285.291786 0.0111098959996
-219726.698036 0.0109112208483
-222168.104286 0.0107189821555
-224609.510536 0.0105329056619
-227050.916786 0.0103527315203
-229492.323036 0.010178213399
-231933.729286 0.0100091176494
-234375.135536 0.00984522253204
-236816.541786 0.00968631749788
-239257.948036 0.00953220251896
-241699.354286 0.0093826874654
-244140.760536 0.00923759152489
-246582.166786 0.00909674266139
-249023.573036 0.00895997711006
-251464.979286 0.00882713890581
-253906.385536 0.00869807944266
-256347.791786 0.00857265706194
-258789.198036 0.00845073666705
-261230.604286 0.00833218936274
-263672.010536 0.00821689211745
-266113.416786 0.00810472744671
-268554.823036 0.00799558311632
-270996.229286 0.00788935186389
-273437.635536 0.00778593113734
-275879.041786 0.00768522284938
-278320.448036 0.00758713314668
-280761.854286 0.00749157219283
-283203.260536 0.00739845396421
-285644.666786 0.00730769605775
-288086.073036 0.00721921950993
-290527.479286 0.00713294862626
-292968.885536 0.00704881082044
-295410.291786 0.00696673646275
-297851.698036 0.00688665873692
-300293.104286 0.00680851350506
-302734.510536 0.00673223918002
-305175.916786 0.00665777660483
-307617.323036 0.00658506893872
-310058.729286 0.00651406154929
-312500.135536 0.00644470191049
-314941.541786 0.00637693950611
-317382.948036 0.00631072573825
-319824.354286 0.00624601384078
-322265.760536 0.00618275879713
-324707.166786 0.00612091726254
-327148.573036 0.00606044749013
-329589.979286 0.00600130926085
-332031.385536 0.00594346381696
-334472.791786 0.00588687379889
-336914.198036 0.00583150318517
-339355.604286 0.00577731723545
-341797.010536 0.00572428243624
-344238.416786 0.00567236644938
-346679.823036 0.00562153806295
-349121.229286 0.00557176714462
-351562.635536 0.00552302459717
-354004.041786 0.00547528231618
-356445.448036 0.00542851314969
-358886.854286 0.00538269085978
-361328.260536 0.00533779008594
-363769.666786 0.0052937863101
-366211.073036 0.00525065582336
-368652.479286 0.00520837569415
-371093.885536 0.00516692373787
-373535.291786 0.00512627848797
-375976.698036 0.00508641916819
-378418.104286 0.00504732566618
-380859.510536 0.00500897850822
-383300.916786 0.00497135883503
-385742.323036 0.0049344483787
-388183.729286 0.00489822944063
-390625.135536 0.0048626848703
-393066.541786 0.00482779804516
-395507.948036 0.00479355285117
-397949.354286 0.00475993366433
-400390.760536 0.00472692533286
-402832.166786 0.00469451316027
-405273.573036 0.00466268288896
-407714.979286 0.00463142068469
-410156.385536 0.00460071312155
-412597.791786 0.00457054716757
-415039.198036 0.00454091017102
-417480.604286 0.0045117898471
-419922.010536 0.00448317426531
-422363.416786 0.00445505183726
-424804.823036 0.00442741130495
-427246.229286 0.00440024172955
-429687.635536 0.00437353248064
-432129.041786 0.00434727322581
-434570.448036 0.00432145392068
-437011.854286 0.00429606479941
-439453.260536 0.00427109636537
-441894.666786 0.00424653938241
-444336.073036 0.00422238486623
-446777.479286 0.00419862407629
-449218.885536 0.00417524850783
-451660.291786 0.00415224988437
-454101.698036 0.00412962015033
-456543.104286 0.00410735146404
-458984.510536 0.00408543619094
-461425.916786 0.00406386689709
-463867.323036 0.00404263634285
-466308.729286 0.00402173747681
-468750.135536 0.00400116342999
-471191.541786 0.00398090751019
-473632.948036 0.00396096319657
-476074.354286 0.00394132413438
-478515.760536 0.00392198412996
-480957.166786 0.00390293714586
-483398.573036 0.0038841772961
-485839.979286 0.00386569884167
-488281.385536 0.00384749618615
-490722.791786 0.00382956387147
-493164.198036 0.00381189657384
-495605.604286 0.00379448909978
-498047.010536 0.00377733638237
-500488.416786 0.00376043347751
-502929.823036 0.00374377556038
-505371.229286 0.00372735792204
-507812.635536 0.00371117596608
-510254.041786 0.00369522520539
-512695.448036 0.00367950125911
-515136.854286 0.00366399984958
-517578.260536 0.00364871679948
-520019.666786 0.00363364802896
-522461.073036 0.00361878955299
-524902.479286 0.00360413747869
-527343.885536 0.00358968800281
-529785.291786 0.00357543740923
-532226.698036 0.00356138206661
-534668.104286 0.00354751842609
-537109.510536 0.003533843019
-539550.916786 0.00352035245476
-541992.323036 0.00350704341874
-544433.729286 0.00349391267022
-546875.135536 0.00348095704048
-549316.541786 0.00346817343083
-551757.948036 0.00345555881078
-554199.354286 0.00344311021627
-556640.760536 0.00343082474788
-559082.166786 0.00341869956921
-561523.573036 0.0034067319052
-563964.979286 0.00339491904057
-566406.385536 0.00338325831824
-568847.791786 0.00337174713791
-571289.198036 0.00336038295454
-573730.604286 0.003349163277
-576172.010536 0.00333808566667
-578613.416786 0.00332714773615
-581054.823036 0.00331634714794
-583496.229286 0.00330568161322
-585937.635536 0.00329514889063
-588379.041786 0.0032847467851
-590820.448036 0.0032744731467
-593261.854286 0.00326432586954
-595703.260536 0.00325430289066
-598144.666786 0.00324440218906
-600586.073036 0.00323462178459
-603027.479286 0.00322495973703
-605468.885536 0.00321541414508
-607910.291786 0.00320598314547
-610351.698036 0.00319666491203
-612793.104286 0.00318745765481
-615234.510536 0.0031783596192
-617675.916786 0.00316936908515
-620117.323036 0.00316048436631
-622558.729286 0.00315170380924
-625000.135536 0.00314302579267
-627441.541786 0.00313444872676
-629882.948036 0.00312597105231
-632324.354286 0.00311759124013
-634765.760536 0.0031093077903
-637207.166786 0.00310111923152
-639648.573036 0.00309302412046
-642089.979286 0.0030850210411
-644531.385536 0.00307710860416
-646972.791786 0.00306928544643
-649414.198036 0.00306155023026
-651855.604286 0.00305390164293
-654297.010536 0.00304633839611
-656738.416786 0.00303885922533
-659179.823036 0.00303146288945
-661621.229286 0.00302414817014
-664062.635536 0.00301691387138
-666504.041786 0.00300975881894
-668945.448036 0.00300268185999
-671386.854286 0.00299568186254
-673828.260536 0.00298875771505
-676269.666786 0.00298190832596
-678711.073036 0.00297513262327
-681152.479286 0.00296842955412
-683593.885536 0.00296179808439
-686035.291786 0.00295523719828
-688476.698036 0.00294874589794
-690918.104286 0.00294232320309
-693359.510536 0.00293596815065
-695800.916786 0.00292967979436
-698242.323036 0.00292345720445
-700683.729286 0.00291729946731
-703125.135536 0.0029112056851
-705566.541786 0.0029051749755
-708007.948036 0.0028992064713
-710449.354286 0.00289329932019
-712890.760536 0.00288745268436
-715332.166786 0.00288166574028
-717773.573036 0.00287593767836
-720214.979286 0.00287026770269
-722656.385536 0.00286465503077
-725097.791786 0.0028590988932
-727539.198036 0.00285359853347
-729980.604286 0.00284815320768
-732422.010536 0.00284276218427
-734863.416786 0.00283742474381
-737304.823036 0.00283214017873
-739746.229286 0.00282690779309
-742187.635536 0.00282172690239
-744629.041786 0.00281659683328
-747070.448036 0.00281151692341
-749511.854286 0.00280648652114
-751953.260536 0.00280150498542
-754394.666786 0.00279657168551
-756836.073036 0.00279168600082
-759277.479286 0.00278684732072
-761718.885536 0.00278205504431
-764160.291786 0.00277730858027
-766601.698036 0.00277260734667
-769043.104286 0.00276795077078
-771484.510536 0.00276333828893
-773925.916786 0.00275876934627
-776367.323036 0.00275424339669
-778808.729286 0.00274975990258
-781250.135536 0.00274531833474
-783691.541786 0.00274091817214
-786132.948036 0.00273655890187
-788574.354286 0.00273224001889
-791015.760536 0.00272796102597
-793457.166786 0.00272372143348
-795898.573036 0.00271952075928
-798339.979286 0.00271535852859
-800781.385536 0.00271123427385
-803222.791786 0.00270714753457
-805664.198036 0.00270309785723
-808105.604286 0.00269908479514
-810547.010536 0.0026951079083
-812988.416786 0.00269116676333
-815429.823036 0.00268726093328
-817871.229286 0.0026833899976
-820312.635536 0.00267955354194
-822754.041786 0.0026757511581
-825195.448036 0.0026719824439
-827636.854286 0.00266824700308
-830078.260536 0.00266454444517
-832519.666786 0.00266087438544
-834961.073036 0.00265723644475
-837402.479286 0.00265363024947
-839843.885536 0.00265005543139
-842285.291786 0.00264651162764
-844726.698036 0.00264299848055
-847168.104286 0.0026395156376
-849609.510536 0.00263606275134
-852050.916786 0.00263263947925
-854492.323036 0.00262924548372
-856933.729286 0.00262588043193
-859375.135536 0.00262254399577
-861816.541786 0.00261923585176
-864257.948036 0.00261595568099
-866699.354286 0.00261270316901
-869140.760536 0.00260947800581
-871582.166786 0.00260627988568
-874023.573036 0.00260310850717
-876464.979286 0.00259996357303
-878906.385536 0.00259684479013
-881347.791786 0.00259375186939
-883789.198036 0.00259068452568
-886230.604286 0.00258764247784
-888672.010536 0.00258462544852
-891113.416786 0.00258163316419
-893554.823036 0.00257866535502
-895996.229286 0.00257572175487
-898437.635536 0.00257280210119
-900879.041786 0.002569906135
-903320.448036 0.00256703360078
-905761.854286 0.00256418424648
-908203.260536 0.0025613578234
-910644.666786 0.00255855408618
-913086.073036 0.00255577279274
-915527.479286 0.0025530137042
-917968.885536 0.00255027658487
-920410.291786 0.00254756120216
-922851.698036 0.00254486732657
-925293.104286 0.00254219473159
-927734.510536 0.00253954319371
-930175.916786 0.00253691249234
-932617.323036 0.00253430240976
-935058.729286 0.00253171273111
-937500.135536 0.00252914324429
-939941.541786 0.00252659373997
-942382.948036 0.00252406401152
-944824.354286 0.00252155385496
-947265.760536 0.00251906306897
-949707.166786 0.00251659145476
-952148.573036 0.00251413881613
-954589.979286 0.00251170495935
-957031.385536 0.00250928969317
-959472.791786 0.00250689282877
-961914.198036 0.00250451417971
-964355.604286 0.00250215356192
-966797.010536 0.00249981079364
-969238.416786 0.00249748569539
-971679.823036 0.00249517808995
-974121.229286 0.00249288780231
-976562.635536 0.00249061465963
-979004.041786 0.00248835849125
-981445.448036 0.0024861191286
-983886.854286 0.00248389640522
-986328.260536 0.00248169015669
-988769.666786 0.00247950022062
-991211.073036 0.00247732643661
-993652.479286 0.00247516864624
-996093.885536 0.00247302669301
-998535.291786 0.00247090042234
-1000976.69804 0.00246878968154
-1003418.10429 0.00246669431976
-1005859.51054 0.00246461418797
-1008300.91679 0.00246254913895
-1010742.32304 0.00246049902727
-1013183.72929 0.00245846370922
-1015625.13554 0.00245644304284
-1018066.54179 0.00245443688784
-1020507.94804 0.00245244510563
-1022949.35429 0.00245046755925
-1025390.76054 0.00244850411339
-1027832.16679 0.00244655463433
-1030273.57304 0.00244461898993
-1032714.97929 0.00244269704962
-1035156.38554 0.00244078868434
-1037597.79179 0.00243889376658
-1040039.19804 0.00243701217029
-1042480.60429 0.00243514377093
-1044922.01054 0.00243328844538
-1047363.41679 0.00243144607197
-1049804.82304 0.00242961653043
-1052246.22929 0.0024277997019
-1054687.63554 0.00242599546887
-1057129.04179 0.0024242037152
-1059570.44804 0.00242242432609
-1062011.85429 0.00242065718803
-1064453.26054 0.00241890218884
-1066894.66679 0.00241715921761
-1069336.07304 0.00241542816469
-1071777.47929 0.00241370892168
-1074218.88554 0.00241200138141
-1076660.29179 0.00241030543791
-1079101.69804 0.00240862098643
-1081543.10429 0.00240694792338
-1083984.51054 0.00240528614635
-1086425.91679 0.00240363555406
-1088867.32304 0.00240199604639
-1091308.72929 0.0024003675243
-1093750.13554 0.00239874988989
-1096191.54179 0.00239714304633
-1098632.94804 0.00239554689787
-1101074.35429 0.00239396134981
-1103515.76054 0.0023923863085
-1105957.16679 0.00239082168133
-1108398.57304 0.00238926737671
-1110839.97929 0.00238772330403
-1113281.38554 0.0023861893737
-1115722.79179 0.00238466549709
-1118164.19804 0.00238315158655
-1120605.60429 0.00238164755537
-1123047.01054 0.00238015331779
-1125488.41679 0.00237866878897
-1127929.82304 0.00237719388499
-1130371.22929 0.00237572852285
-1132812.63554 0.00237427262042
-1135254.04179 0.00237282609646
-1137695.44804 0.0023713888706
-1140136.85429 0.00236996086333
-1142578.26054 0.00236854199599
-1145019.66679 0.00236713219076
-1147461.07304 0.00236573137063
-1149902.47929 0.00236433945942
-1152343.88554 0.00236295638176
-1154785.29179 0.00236158206306
-1157226.69804 0.00236021642953
-1159668.10429 0.00235885940815
-1162109.51054 0.00235751092666
-1164550.91679 0.00235617091356
-1166992.32304 0.0023548392981
-1169433.72929 0.00235351601027
-1171875.13554 0.00235220098077
-1174316.54179 0.00235089414105
-1176757.94804 0.00234959542324
-1179199.35429 0.00234830476019
-1181640.76054 0.00234702208542
-1184082.16679 0.00234574733317
-1186523.57304 0.00234448043833
-1188964.97929 0.00234322133646
-1191406.38554 0.00234196996378
-1193847.79179 0.00234072625717
-1196289.19804 0.00233949015414
-1198730.60429 0.00233826159285
-1201172.01054 0.00233704051207
-1203613.41679 0.0023358268512
-1206054.82304 0.00233462055025
-1208496.22929 0.00233342154985
-1210937.63554 0.0023322297912
-1213379.04179 0.0023310452161
-1215820.44804 0.00232986776695
-1218261.85429 0.00232869738671
-1220703.26054 0.00232753401892
-1223144.66679 0.00232637760766
-1225586.07304 0.0023252280976
-1228027.47929 0.00232408543393
-1230468.88554 0.0023229495624
-1232910.29179 0.00232182042928
-1235351.69804 0.00232069798139
-1237793.10429 0.00231958216607
-1240234.51054 0.00231847293116
-1242675.91679 0.00231737022503
-1245117.32304 0.00231627399654
-1247558.72929 0.00231518419507
-1250000.13554 0.00231410077047
-1252441.54179 0.00231302367311
-1254882.94804 0.0023119528538
-1257324.35429 0.00231088826385
-1259765.76054 0.00230982985506
-1262207.16679 0.00230877757965
-1264648.57304 0.00230773139035
-1267089.97929 0.0023066912403
-1269531.38554 0.00230565708313
-1271972.79179 0.00230462887287
-1274414.19804 0.00230360656404
-1276855.60429 0.00230259011155
-1279297.01054 0.00230157947077
-1281738.41679 0.00230057459747
-1284179.82304 0.00229957544786
-1286621.22929 0.00229858197856
-1289062.63554 0.0022975941466
-1291504.04179 0.0022966119094
-1293945.44804 0.00229563522481
-1296386.85429 0.00229466405104
-1298828.26054 0.00229369834673
-1301269.66679 0.00229273807089
-1303711.07304 0.0022917831829
-1306152.47929 0.00229083364255
-1308593.88554 0.00228988940996
-1311035.29179 0.00228895044568
-1313476.69804 0.00228801671057
-1315918.10429 0.00228708816589
-1318359.51054 0.00228616477323
-1320800.91679 0.00228524649456
-1323242.32304 0.00228433329219
-1325683.72929 0.00228342512877
-1328125.13554 0.00228252196731
-1330566.54179 0.00228162377113
-1333007.94804 0.00228073050391
-1335449.35429 0.00227984212966
-1337890.76054 0.00227895861271
-1340332.16679 0.00227807991772
-1342773.57304 0.00227720600965
-1345214.97929 0.00227633685382
-1347656.38554 0.00227547241582
-1350097.79179 0.00227461266158
-1352539.19804 0.00227375755732
-1354980.60429 0.00227290706958
-1357422.01054 0.00227206116518
-1359863.41679 0.00227121981125
-1362304.82304 0.00227038297521
-1364746.22929 0.00226955062479
-1367187.63554 0.00226872272797
-1369629.04179 0.00226789925306
-1372070.44804 0.0022670801686
-1374511.85429 0.00226626544346
-1376953.26054 0.00226545504675
-1379394.66679 0.00226464894786
-1381836.07304 0.00226384711648
-1384277.47929 0.00226304952251
-1386718.88554 0.00226225613618
-1389160.29179 0.00226146692792
-1391601.69804 0.00226068186846
-1394043.10429 0.00225990092877
-1396484.51054 0.00225912408008
-1398925.91679 0.00225835129387
-1401367.32304 0.00225758254186
-1403808.72929 0.00225681779602
-1406250.13554 0.00225605702857
-1408691.54179 0.00225530021196
-1411132.94804 0.00225454731888
-1413574.35429 0.00225379832227
-1416015.76054 0.00225305319527
-1418457.16679 0.00225231191129
-1420898.57304 0.00225157444395
-1423339.97929 0.00225084076708
-1425781.38554 0.00225011085476
-1428222.79179 0.00224938468129
-1430664.19804 0.00224866222116
-1433105.60429 0.00224794344912
-1435547.01054 0.00224722834009
-1437988.41679 0.00224651686923
-1440429.82304 0.00224580901191
-1442871.22929 0.0022451047437
-1445312.63554 0.00224440404038
-1447754.04179 0.00224370687792
-1450195.44804 0.00224301323253
-1452636.85429 0.00224232308057
-1455078.26054 0.00224163639863
-1457519.66679 0.00224095316349
-1459961.07304 0.00224027335212
-1462402.47929 0.00223959694168
-1464843.88554 0.00223892390953
-1467285.29179 0.00223825423321
-1469726.69804 0.00223758789045
-1472168.10429 0.00223692485917
-1474609.51054 0.00223626511745
-1477050.91679 0.00223560864357
-1479492.32304 0.00223495541599
-1481933.72929 0.00223430541334
-1484375.13554 0.00223365861443
-1486816.54179 0.00223301499824
-1489257.94804 0.00223237454392
-1491699.35429 0.0022317372308
-1494140.76054 0.00223110303838
-1496582.16679 0.0022304719463
-1499023.57304 0.00222984393441
-1501464.97929 0.00222921898268
-1503906.38554 0.00222859707126
-1506347.79179 0.00222797818048
-1508789.19804 0.0022273622908
-1511230.60429 0.00222674938284
-1513672.01054 0.0022261394374
-1516113.41679 0.00222553243542
-1518554.82304 0.00222492835798
-1520996.22929 0.00222432718634
-1523437.63554 0.00222372890187
-1525879.04179 0.00222313348614
-1528320.44804 0.00222254092082
-1530761.85429 0.00222195118775
-1533203.26054 0.00222136426892
-1535644.66679 0.00222078014645
-1538086.07304 0.00222019880259
-1540527.47929 0.00221962021976
-1542968.88554 0.00221904438051
-1545410.29179 0.00221847126751
-1547851.69804 0.00221790086358
-1550293.10429 0.00221733315168
-1552734.51054 0.00221676811489
-1555175.91679 0.00221620573643
-1557617.32304 0.00221564599966
-1560058.72929 0.00221508888806
-1562500.13554 0.00221453438523
-1564941.54179 0.00221398247492
-1567382.94804 0.00221343314099
-1569824.35429 0.00221288636743
-1572265.76054 0.00221234213836
-1574707.16679 0.00221180043801
-1577148.57304 0.00221126125074
-1579589.97929 0.00221072456103
-1582031.38554 0.00221019035348
-1584472.79179 0.00220965861281
-1586914.19804 0.00220912932385
-1589355.60429 0.00220860247156
-1591797.01054 0.002208078041
-1594238.41679 0.00220755601736
-1596679.82304 0.00220703638592
-1599121.22929 0.0022065191321
-1601562.63554 0.00220600424142
-1604004.04179 0.00220549169949
-1606445.44804 0.00220498149206
-1608886.85429 0.00220447360497
-1611328.26054 0.00220396802417
-1613769.66679 0.00220346473573
-1616211.07304 0.0022029637258
-1618652.47929 0.00220246498065
-1621093.88554 0.00220196848666
-1623535.29179 0.0022014742303
-1625976.69804 0.00220098219814
-1628418.10429 0.00220049237685
-1630859.51054 0.00220000475322
-1633300.91679 0.00219951931411
-1635742.32304 0.0021990360465
-1638183.72929 0.00219855493746
-1640625.13554 0.00219807597414
-1643066.54179 0.00219759914382
-1645507.94804 0.00219712443384
-1647949.35429 0.00219665183165
-1650390.76054 0.00219618132479
-1652832.16679 0.0021957129009
-1655273.57304 0.00219524654769
-1657714.97929 0.00219478225299
-1660156.38554 0.00219432000469
-1662597.79179 0.00219385979079
-1665039.19804 0.00219340159937
-1667480.60429 0.0021929454186
-1669922.01054 0.00219249123672
-1672363.41679 0.00219203904208
-1674804.82304 0.0021915888231
-1677246.22929 0.00219114056829
-1679687.63554 0.00219069426624
-1682129.04179 0.00219024990563
-1684570.44804 0.00218980747521
-1687011.85429 0.00218936696382
-1689453.26054 0.00218892836038
-1691894.66679 0.00218849165389
-1694336.07304 0.00218805683342
-1696777.47929 0.00218762388813
-1699218.88554 0.00218719280725
-1701660.29179 0.0021867635801
-1704101.69804 0.00218633619606
-1706543.10429 0.0021859106446
-1708984.51054 0.00218548691524
-1711425.91679 0.00218506499762
-1713867.32304 0.0021846448814
-1716308.72929 0.00218422655636
-1718750.13554 0.00218381001233
-1721191.54179 0.0021833952392
-1723632.94804 0.00218298222696
-1726074.35429 0.00218257096566
-1728515.76054 0.0021821614454
-1730957.16679 0.00218175365638
-1733398.57304 0.00218134758886
-1735839.97929 0.00218094323315
-1738281.38554 0.00218054057965
-1740722.79179 0.00218013961883
-1743164.19804 0.00217974034119
-1745605.60429 0.00217934273735
-1748047.01054 0.00217894679795
-1750488.41679 0.00217855251372
-1752929.82304 0.00217815987544
-1755371.22929 0.00217776887398
-1757812.63554 0.00217737950023
-1760254.04179 0.00217699174519
-1762695.44804 0.0021766055999
-1765136.85429 0.00217622105544
-1767578.26054 0.00217583810299
-1770019.66679 0.00217545673378
-1772461.07304 0.00217507693909
-1774902.47929 0.00217469871025
-1777343.88554 0.00217432203869
-1779785.29179 0.00217394691585
-1782226.69804 0.00217357333327
-1784668.10429 0.00217320128252
-1787109.51054 0.00217283075524
-1789550.91679 0.00217246174312
-1791992.32304 0.00217209423791
-1794433.72929 0.00217172823142
-1796875.13554 0.00217136371552
-1799316.54179 0.00217100068211
-1801757.94804 0.00217063912318
-1804199.35429 0.00217027903074
-1806640.76054 0.00216992039688
-1809082.16679 0.00216956321374
-1811523.57304 0.00216920747349
-1813964.97929 0.00216885316838
-1816406.38554 0.00216850029069
-1818847.79179 0.00216814883278
-1821289.19804 0.00216779878703
-1823730.60429 0.00216745014589
-1826172.01054 0.00216710290186
-1828613.41679 0.00216675704748
-1831054.82304 0.00216641257534
-1833496.22929 0.0021660694781
-1835937.63554 0.00216572774844
-1838379.04179 0.0021653873791
-1840820.44804 0.00216504836288
-1843261.85429 0.00216471069262
-1845703.26054 0.00216437436119
-1848144.66679 0.00216403936153
-1850586.07304 0.00216370568661
-1853027.47929 0.00216337332947
-1855468.88554 0.00216304228318
-1857910.29179 0.00216271254084
-1860351.69804 0.00216238409562
-1862793.10429 0.00216205694072
-1865234.51054 0.00216173106941
-1867675.91679 0.00216140647496
-1870117.32304 0.00216108315072
-1872558.72929 0.00216076109007
-1875000.13554 0.00216044028644
-1877441.54179 0.00216012073328
-1879882.94804 0.00215980242412
-1882324.35429 0.0021594853525
-1884765.76054 0.00215916951202
-1887207.16679 0.0021588548963
-1889648.57304 0.00215854149903
-1892089.97929 0.00215822931393
-1894531.38554 0.00215791833475
-1896972.79179 0.00215760855528
-1899414.19804 0.00215729996937
-1901855.60429 0.00215699257089
-1904297.01054 0.00215668635376
-1906738.41679 0.00215638131192
-1909179.82304 0.00215607743939
-1911621.22929 0.00215577473018
-1914062.63554 0.00215547317836
-1916504.04179 0.00215517277805
-1918945.44804 0.00215487352339
-1921386.85429 0.00215457540856
-1923828.26054 0.00215427842778
-1926269.66679 0.0021539825753
-1928711.07304 0.00215368784542
-1931152.47929 0.00215339423246
-1933593.88554 0.00215310173079
-1936035.29179 0.00215281033481
-1938476.69804 0.00215252003895
-1940918.10429 0.00215223083769
-1943359.51054 0.00215194272552
-1945800.91679 0.00215165569698
-1948242.32304 0.00215136974665
-1950683.72929 0.00215108486913
-1953125.13554 0.00215080105906
-1955566.54179 0.00215051831112
-1958007.94804 0.00215023662002
-1960449.35429 0.00214995598049
-1962890.76054 0.00214967638731
-1965332.16679 0.00214939783528
-1967773.57304 0.00214912031924
-1970214.97929 0.00214884383405
-1972656.38554 0.00214856837463
-1975097.79179 0.0021482939359
-1977539.19804 0.00214802051282
-1979980.60429 0.00214774810039
-1982422.01054 0.00214747669364
-1984863.41679 0.00214720628761
-1987304.82304 0.00214693687741
-1989746.22929 0.00214666845814
-1992187.63554 0.00214640102495
-1994629.04179 0.00214613457301
-1997070.44804 0.00214586909754
-1999511.85429 0.00214560459377
-2001953.26054 0.00214534105695
-2004394.66679 0.00214507848239
-2006836.07304 0.0021448168654
-2009277.47929 0.00214455620134
-2011718.88554 0.00214429648558
-2014160.29179 0.00214403771352
-2016601.69804 0.00214377988061
-2019043.10429 0.0021435229823
-2021484.51054 0.00214326701408
-2023925.91679 0.00214301197147
-2026367.32304 0.00214275785
-2028808.72929 0.00214250464526
-2031250.13554 0.00214225235283
-2033691.54179 0.00214200096834
-2036132.94804 0.00214175048743
-2038574.35429 0.00214150090579
-2041015.76054 0.00214125221911
-2043457.16679 0.00214100442312
-2045898.57304 0.00214075751356
-2048339.97929 0.00214051148623
-2050781.38554 0.00214026633691
-2053222.79179 0.00214002206144
-2055664.19804 0.00213977865567
-2058105.60429 0.00213953611547
-2060547.01054 0.00213929443675
-2062988.41679 0.00213905361543
-2065429.82304 0.00213881364746
-2067871.22929 0.00213857452882
-2070312.63554 0.00213833625549
-2072754.04179 0.0021380988235
-2075195.44804 0.0021378622289
-2077636.85429 0.00213762646775
-2080078.26054 0.00213739153615
-2082519.66679 0.00213715743019
-2084961.07304 0.00213692414603
-2087402.47929 0.00213669167981
-2089843.88554 0.00213646002773
-2092285.29179 0.00213622918597
-2094726.69804 0.00213599915077
-2097168.10429 0.00213576991838
-2099609.51054 0.00213554148506
-2102050.91679 0.0021353138471
-2104492.32304 0.00213508700082
-2106933.72929 0.00213486094255
-2109375.13554 0.00213463566864
-2111816.54179 0.00213441117547
-2114257.94804 0.00213418745944
-2116699.35429 0.00213396451695
-2119140.76054 0.00213374234446
-2121582.16679 0.00213352093842
-2124023.57304 0.0021333002953
-2126464.97929 0.00213308041162
-2128906.38554 0.00213286128387
-2131347.79179 0.00213264290861
-2133789.19804 0.0021324252824
-2136230.60429 0.00213220840181
-2138672.01054 0.00213199226343
-2141113.41679 0.00213177686389
-2143554.82304 0.00213156219983
-2145996.22929 0.00213134826789
-2148437.63554 0.00213113506476
-2150879.04179 0.00213092258712
-2153320.44804 0.00213071083169
-2155761.85429 0.0021304997952
-2158203.26054 0.0021302894744
-2160644.66679 0.00213007986606
-2163086.07304 0.00212987096696
-2165527.47929 0.0021296627739
-2167968.88554 0.00212945528372
-2170410.29179 0.00212924849324
-2172851.69804 0.00212904239932
-2175293.10429 0.00212883699885
-2177734.51054 0.00212863228871
-2180175.91679 0.00212842826581
-2182617.32304 0.00212822492708
-2185058.72929 0.00212802226947
-2187500.13554 0.00212782028994
-2189941.54179 0.00212761898545
-2192382.94804 0.00212741835302
-2194824.35429 0.00212721838965
-2197265.76054 0.00212701909237
-2199707.16679 0.00212682045823
-2202148.57304 0.00212662248428
-2204589.97929 0.00212642516761
-2207031.38554 0.00212622850531
-2209472.79179 0.00212603249448
-2211914.19804 0.00212583713226
-2214355.60429 0.00212564241578
-2216797.01054 0.00212544834221
-2219238.41679 0.00212525490871
-2221679.82304 0.00212506211247
-2224121.22929 0.0021248699507
-2226562.63554 0.00212467842062
-2229004.04179 0.00212448751946
-2231445.44804 0.00212429724448
-2233886.85429 0.00212410759292
-2236328.26054 0.00212391856209
-2238769.66679 0.00212373014926
-2241211.07304 0.00212354235175
-2243652.47929 0.00212335516688
-2246093.88554 0.00212316859199
-2248535.29179 0.00212298262444
-2250976.69804 0.00212279726158
-2253418.10429 0.00212261250081
-2255859.51054 0.00212242833951
-2258300.91679 0.0021222447751
-2260742.32304 0.00212206180499
-2263183.72929 0.00212187942664
-2265625.13554 0.00212169763748
-2268066.54179 0.00212151643498
-2270507.94804 0.00212133581663
-2272949.35429 0.0021211557799
-2275390.76054 0.00212097632232
-2277832.16679 0.00212079744139
-2280273.57304 0.00212061913466
-2282714.97929 0.00212044139965
-2285156.38554 0.00212026423394
-2287597.79179 0.0021200876351
-2290039.19804 0.0021199116007
-2292480.60429 0.00211973612835
-2294922.01054 0.00211956121565
-2297363.41679 0.00211938686023
-2299804.82304 0.00211921305973
-2302246.22929 0.00211903981178
-2304687.63554 0.00211886711406
-2307129.04179 0.00211869496423
-2309570.44804 0.00211852335998
-2312011.85429 0.00211835229901
-2314453.26054 0.00211818177902
-2316894.66679 0.00211801179774
-2319336.07304 0.0021178423529
-2321777.47929 0.00211767344224
-2324218.88554 0.00211750506352
-2326660.29179 0.00211733721452
-2329101.69804 0.00211716989301
-2331543.10429 0.00211700309678
-2333984.51054 0.00211683682363
-2336425.91679 0.00211667107139
-2338867.32304 0.00211650583788
-2341308.72929 0.00211634112093
-2343750.13554 0.0021161769184
-2346191.54179 0.00211601322814
-2348632.94804 0.00211585004803
-2351074.35429 0.00211568737596
-2353515.76054 0.0021155252098
-2355957.16679 0.00211536354747
-2358398.57304 0.00211520238688
-2360839.97929 0.00211504172596
-2363281.38554 0.00211488156265
-2365722.79179 0.00211472189488
-2368164.19804 0.00211456272063
-2370605.60429 0.00211440403785
-2373047.01054 0.00211424584453
-2375488.41679 0.00211408813866
-2377929.82304 0.00211393091823
-2380371.22929 0.00211377418126
-2382812.63554 0.00211361792576
-2385254.04179 0.00211346214977
-2387695.44804 0.00211330685132
-2390136.85429 0.00211315202847
-2392578.26054 0.00211299767927
-2395019.66679 0.0021128438018
-2397461.07304 0.00211269039413
-2399902.47929 0.00211253745436
-2402343.88554 0.00211238498058
-2404785.29179 0.0021122329709
-2407226.69804 0.00211208142345
-2409668.10429 0.00211193033634
-2412109.51054 0.00211177970772
-2414550.91679 0.00211162953573
-2416992.32304 0.00211147981853
-2419433.72929 0.00211133055429
-2421875.13554 0.00211118174117
-2424316.54179 0.00211103337737
-2426757.94804 0.00211088546108
-2429199.35429 0.00211073799049
-2431640.76054 0.00211059096383
-2434082.16679 0.0021104443793
-2436523.57304 0.00211029823514
-2438964.97929 0.00211015252959
-2441406.38554 0.0021100072609
-2443847.79179 0.00210986242731
-2446289.19804 0.00210971802709
-2448730.60429 0.00210957405852
-2451172.01054 0.00210943051988
-2453613.41679 0.00210928740945
-2456054.82304 0.00210914472554
-2458496.22929 0.00210900246646
-2460937.63554 0.0021088606305
-2463379.04179 0.00210871921602
-2465820.44804 0.00210857822132
-2468261.85429 0.00210843764475
-2470703.26054 0.00210829748467
-2473144.66679 0.00210815773943
-2475586.07304 0.00210801840739
-2478027.47929 0.00210787948692
-2480468.88554 0.00210774097641
-2482910.29179 0.00210760287424
-2485351.69804 0.00210746517881
-2487793.10429 0.00210732788853
-2490234.51054 0.00210719100181
-2492675.91679 0.00210705451706
-2495117.32304 0.00210691843272
-2497558.72929 0.00210678274722
