# sample	expno	ns	int		R
# otp	16	8192	0.611041	1.011561
2499999.864464	-0.001023	-0.000097
2497558.458214	-0.000539	0.002375
2495117.051964	-0.001284	-0.003455
2492675.645714	-0.001743	-0.000727
2490234.239464	-0.001952	0.000936
2487792.833214	0.001236	0.000523
2485351.426964	-0.001753	0.001242
2482910.020714	0.000029	-0.001544
2480468.614464	-0.000184	-0.001416
2478027.208214	0.000001	-0.002770
2475585.801964	0.002821	0.001040
2473144.395714	-0.000442	-0.001809
2470702.989464	0.000646	-0.001930
2468261.583214	0.001306	0.000341
2465820.176964	0.002101	-0.000842
2463378.770714	-0.001875	0.001372
2460937.364464	-0.000522	-0.000292
2458495.958214	-0.003046	-0.001292
2456054.551964	-0.002111	0.001951
2453613.145714	-0.000835	0.002615
2451171.739464	-0.001124	0.001432
2448730.333214	0.000920	0.000204
2446288.926964	0.000351	0.000408
2443847.520714	-0.000819	-0.000968
2441406.114464	-0.003282	0.001087
2438964.708214	0.000273	0.004036
2436523.301964	0.002090	-0.001032
2434081.895714	0.003391	-0.000256
2431640.489464	-0.002061	0.000700
2429199.083214	0.002839	0.000240
2426757.676964	0.000494	0.000892
2424316.270714	-0.000208	0.001910
2421874.864464	0.001371	0.000298
2419433.458214	0.000751	0.000611
2416992.051964	-0.000676	-0.000988
2414550.645714	0.002487	-0.001407
2412109.239464	0.001468	0.001092
2409667.833214	0.002776	-0.000617
2407226.426964	0.002540	0.002277
2404785.020714	-0.000271	-0.000040
2402343.614464	-0.001552	-0.000612
2399902.208214	-0.002820	-0.001073
2397460.801964	-0.001975	-0.004007
2395019.395714	0.002129	0.002391
2392577.989464	-0.000514	0.000980
2390136.583214	-0.000691	0.000017
2387695.176964	0.001734	0.001782
2385253.770714	-0.000997	-0.001030
2382812.364464	0.000122	0.000986
2380370.958214	0.001178	-0.000493
2377929.551964	-0.002315	0.001208
2375488.145714	-0.002586	-0.000058
2373046.739464	0.000124	0.000089
2370605.333214	-0.001800	-0.000471
2368163.926964	-0.000598	0.003391
2365722.520714	-0.000689	-0.000458
2363281.114464	-0.001843	0.002237
2360839.708214	0.001387	-0.000321
2358398.301964	-0.000642	0.000613
2355956.895714	-0.001316	0.004434
2353515.489464	-0.000955	0.000667
2351074.083214	-0.001612	-0.001387
2348632.676964	-0.001183	-0.000240
2346191.270714	0.001652	-0.000522
2343749.864464	-0.000426	0.002450
2341308.458214	-0.003585	0.001638
2338867.051964	-0.000530	0.000310
2336425.645714	0.001873	0.001626
2333984.239464	0.003037	0.001155
2331542.833214	0.001121	-0.000101
2329101.426964	0.000353	0.001006
2326660.020714	0.000432	0.001398
2324218.614464	-0.000836	0.001499
2321777.208214	0.000788	0.002988
2319335.801964	-0.002082	0.000915
2316894.395714	-0.000214	0.000017
2314452.989464	-0.000062	0.002729
2312011.583214	-0.000379	0.001641
2309570.176964	0.001862	0.001660
2307128.770714	-0.000428	0.003610
2304687.364464	-0.001014	0.003729
2302245.958214	-0.001363	0.003450
2299804.551964	-0.001093	0.001384
2297363.145714	-0.003146	0.002679
2294921.739464	0.001083	0.001385
2292480.333214	0.001380	0.003395
2290038.926964	-0.002413	0.003309
2287597.520714	-0.002390	0.003090
2285156.114464	-0.000563	0.002884
2282714.708214	0.001606	0.000778
2280273.301964	0.000165	-0.000180
2277831.895714	0.001835	0.001623
2275390.489464	-0.001708	0.001219
2272949.083214	0.000470	0.001175
2270507.676964	-0.001483	-0.001168
2268066.270714	0.001189	0.002831
2265624.864464	-0.001279	0.000072
2263183.458214	0.003419	0.002786
2260742.051964	-0.002340	0.003219
2258300.645714	0.002320	-0.000315
2255859.239464	-0.000631	0.001379
2253417.833214	0.000134	0.001657
2250976.426964	0.000178	0.001756
2248535.020714	0.002971	0.001390
2246093.614464	-0.000772	0.001073
2243652.208214	0.002407	0.002338
2241210.801964	0.000190	-0.002433
2238769.395714	-0.001346	0.000595
2236327.989464	-0.000624	0.000789
2233886.583214	0.000385	-0.000538
2231445.176964	0.001138	0.001678
2229003.770714	0.001162	-0.001388
2226562.364464	0.002881	0.004077
2224120.958214	0.000078	-0.001128
2221679.551964	-0.001183	0.000415
2219238.145714	0.000044	0.002374
2216796.739464	-0.001395	0.000896
2214355.333214	-0.001072	0.001088
2211913.926964	-0.001148	0.000757
2209472.520714	-0.000515	0.001828
2207031.114464	0.000027	0.000251
2204589.708214	-0.000171	0.002238
2202148.301964	-0.002324	0.002208
2199706.895714	0.001498	-0.000696
2197265.489464	-0.000427	-0.003849
2194824.083214	-0.002653	0.000930
2192382.676964	-0.000729	0.002913
2189941.270714	-0.002380	0.004157
2187499.864464	0.001089	0.002806
2185058.458214	0.000695	0.003625
2182617.051964	-0.001321	0.002079
2180175.645714	-0.003561	0.003748
2177734.239464	-0.000415	0.003889
2175292.833214	0.001966	0.003459
2172851.426964	0.003094	0.000547
2170410.020714	0.001887	0.003560
2167968.614464	-0.002716	0.002321
2165527.208214	0.000492	0.000483
2163085.801964	0.001750	0.003634
2160644.395714	0.001827	0.001886
2158202.989464	-0.000123	0.002770
2155761.583214	-0.000061	0.003028
2153320.176964	0.001336	0.004461
2150878.770714	0.000598	0.002734
2148437.364464	-0.000766	0.000129
2145995.958214	-0.000827	0.002859
2143554.551964	-0.001389	0.004181
2141113.145714	-0.001035	-0.000401
2138671.739464	-0.002165	0.003110
2136230.333214	0.001202	0.002825
2133788.926964	-0.000425	0.002769
2131347.520714	0.001599	0.000859
2128906.114464	0.002796	-0.001019
2126464.708214	-0.001100	0.004017
2124023.301964	-0.002255	0.003705
2121581.895714	-0.000102	0.002124
2119140.489464	0.000075	-0.000220
2116699.083214	0.000619	0.002143
2114257.676964	-0.000180	0.002548
2111816.270714	0.000246	0.001233
2109374.864464	0.002504	0.002617
2106933.458214	0.000164	0.002341
2104492.051964	-0.000252	0.003655
2102050.645714	-0.002264	0.004221
2099609.239464	-0.001274	0.002736
2097167.833214	-0.001513	0.003300
2094726.426964	0.000878	0.005179
2092285.020714	-0.000942	0.002045
2089843.614464	-0.000602	0.002356
2087402.208214	0.000510	0.001153
2084960.801964	0.000366	0.004131
2082519.395714	0.000916	0.003427
2080077.989464	0.003864	0.004886
2077636.583214	0.000221	0.003225
2075195.176964	0.000017	0.001900
2072753.770714	0.002611	0.001142
2070312.364464	0.000649	0.004202
2067870.958214	0.000183	0.004768
2065429.551964	-0.000388	0.002719
2062988.145714	0.000108	0.001803
2060546.739464	-0.000985	0.004923
2058105.333214	0.002440	-0.000413
2055663.926964	0.002047	0.003156
2053222.520714	-0.002380	0.001698
2050781.114464	0.002990	0.005714
2048339.708214	-0.001014	-0.000126
2045898.301964	0.003279	0.001000
2043456.895714	0.000194	0.002886
2041015.489464	0.000917	0.001980
2038574.083214	0.001431	0.004549
2036132.676964	-0.002544	0.000511
2033691.270714	-0.002000	0.002824
2031249.864464	-0.001090	0.002027
2028808.458214	-0.000106	0.000685
2026367.051964	-0.000284	0.001832
2023925.645714	-0.000264	0.004084
2021484.239464	-0.000244	0.001942
2019042.833214	-0.000614	0.002564
2016601.426964	-0.002400	0.003046
2014160.020714	-0.002426	0.003888
2011718.614464	-0.002529	-0.000084
2009277.208214	-0.000600	0.002366
2006835.801964	-0.000364	0.000005
2004394.395714	0.000653	0.002535
2001952.989464	-0.000727	0.003230
1999511.583214	-0.000895	0.004717
1997070.176964	0.002823	-0.000905
1994628.770714	-0.002199	0.004163
1992187.364464	-0.001753	0.003279
1989745.958214	0.000621	0.001868
1987304.551964	-0.001669	0.002836
1984863.145714	-0.001391	0.005618
1982421.739464	-0.004273	0.002936
1979980.333214	-0.000946	0.003759
1977538.926964	-0.003038	0.003212
1975097.520714	-0.000334	0.005591
1972656.114464	0.000083	0.002759
1970214.708214	-0.000576	0.004168
1967773.301964	-0.002578	0.005448
1965331.895714	-0.002676	0.003119
1962890.489464	-0.001398	0.003799
1960449.083214	-0.004319	0.004327
1958007.676964	-0.001451	0.000895
1955566.270714	0.001415	0.001103
1953124.864464	-0.000534	0.002832
1950683.458214	0.002989	0.002894
1948242.051964	-0.003179	0.003160
1945800.645714	-0.000870	0.001403
1943359.239464	-0.001828	0.004644
1940917.833214	0.001830	0.005284
1938476.426964	-0.002455	0.004622
1936035.020714	0.000116	0.004663
1933593.614464	-0.001666	0.004318
1931152.208214	-0.000543	0.001228
1928710.801964	-0.001360	0.006588
1926269.395714	0.000531	0.002251
1923827.989464	0.002550	0.006904
1921386.583214	-0.001753	0.004932
1918945.176964	-0.001421	0.005274
1916503.770714	0.000581	0.006489
1914062.364464	0.002125	0.005443
1911620.958214	0.001058	0.002889
1909179.551964	-0.002731	0.007226
1906738.145714	0.003065	0.002491
1904296.739464	0.000892	0.003377
1901855.333214	-0.000993	0.003470
1899413.926964	0.000297	0.002588
1896972.520714	0.000931	0.002705
1894531.114464	0.002102	0.005115
1892089.708214	0.000183	0.003393
1889648.301964	0.002412	0.004258
1887206.895714	0.001555	0.003667
1884765.489464	-0.000308	0.002590
1882324.083214	-0.000243	0.001833
1879882.676964	0.002038	0.003613
1877441.270714	0.001137	0.005519
1874999.864464	-0.002177	0.001446
1872558.458214	0.002487	0.003411
1870117.051964	-0.002540	0.003490
1867675.645714	-0.003447	0.003131
1865234.239464	0.001372	0.004014
1862792.833214	-0.001815	0.001911
1860351.426964	0.001670	0.001852
1857910.020714	-0.000904	0.002912
1855468.614464	0.000090	0.000880
1853027.208214	-0.002236	0.003538
1850585.801964	-0.001173	0.005277
1848144.395714	-0.001431	0.004432
1845702.989464	-0.001168	0.003636
1843261.583214	-0.002796	0.004056
1840820.176964	0.001646	0.004078
1838378.770714	-0.001317	0.002370
1835937.364464	-0.000220	0.005735
1833495.958214	0.000885	0.006122
1831054.551964	0.000590	0.003679
1828613.145714	0.000024	0.003644
1826171.739464	0.002037	0.004906
1823730.333214	0.000365	0.004088
1821288.926964	-0.001490	0.002328
1818847.520714	0.001298	0.005568
1816406.114464	-0.001240	0.007146
1813964.708214	-0.000376	0.000878
1811523.301964	0.000239	0.004001
1809081.895714	0.001792	0.003407
1806640.489464	0.001398	0.001683
1804199.083214	-0.000694	0.003008
1801757.676964	-0.000171	0.005646
1799316.270714	-0.002221	0.008422
1796874.864464	-0.000221	0.004944
1794433.458214	-0.004125	0.003729
1791992.051964	0.004023	0.005391
1789550.645714	0.001136	0.002440
1787109.239464	-0.004185	0.006045
1784667.833214	-0.004445	0.006832
1782226.426964	-0.000789	0.003076
1779785.020714	0.000741	0.003964
1777343.614464	-0.000058	0.004479
1774902.208214	-0.000538	0.006440
1772460.801964	0.000120	0.004687
1770019.395714	-0.000412	0.005444
1767577.989464	0.000134	0.005813
1765136.583214	0.001166	0.002635
1762695.176964	-0.001874	0.005164
1760253.770714	-0.003300	0.006479
1757812.364464	-0.000286	0.004989
1755370.958214	0.001288	0.002851
1752929.551964	-0.000933	0.004284
1750488.145714	-0.000896	0.005252
1748046.739464	-0.001489	0.004172
1745605.333214	0.002614	0.002590
1743163.926964	0.000422	0.004404
1740722.520714	-0.000503	0.000724
1738281.114464	0.001259	0.001347
1735839.708214	-0.001297	0.004946
1733398.301964	-0.000486	0.004858
1730956.895714	-0.001371	0.005261
1728515.489464	0.001157	0.005749
1726074.083214	-0.001826	0.006102
1723632.676964	-0.000071	0.004346
1721191.270714	-0.002406	0.003408
1718749.864464	0.000279	0.005820
1716308.458214	0.002628	0.004915
1713867.051964	-0.000431	0.004420
1711425.645714	0.003679	0.006032
1708984.239464	0.000180	0.005052
1706542.833214	0.001586	0.006990
1704101.426964	0.001375	0.007617
1701660.020714	0.000314	0.005866
1699218.614464	0.000834	0.006171
1696777.208214	-0.000977	0.004403
1694335.801964	-0.000038	0.006377
1691894.395714	-0.002983	0.003123
1689452.989464	-0.000706	0.006192
1687011.583214	0.000028	0.004510
1684570.176964	0.001359	0.002978
1682128.770714	0.001700	0.005741
1679687.364464	-0.000054	0.001990
1677245.958214	0.000217	0.005621
1674804.551964	-0.000346	0.005452
1672363.145714	0.002541	0.007133
1669921.739464	0.000694	0.008797
1667480.333214	-0.000614	0.003635
1665038.926964	0.002401	0.004432
1662597.520714	0.000708	0.004088
1660156.114464	-0.001265	0.004302
1657714.708214	0.000741	0.005916
1655273.301964	-0.000445	0.005334
1652831.895714	-0.000688	0.007278
1650390.489464	0.000396	0.008138
1647949.083214	0.000218	0.008010
1645507.676964	-0.004735	0.005064
1643066.270714	0.001300	0.006257
1640624.864464	0.000827	0.006914
1638183.458214	0.001111	0.007324
1635742.051964	-0.000212	0.002834
1633300.645714	-0.000628	0.004443
1630859.239464	0.001736	0.004130
1628417.833214	0.000310	0.002566
1625976.426964	0.001820	0.006030
1623535.020714	0.000810	0.005022
1621093.614464	0.000556	0.003848
1618652.208214	0.001297	0.005516
1616210.801964	-0.000670	0.007913
1613769.395714	-0.000987	0.004806
1611327.989464	-0.001076	0.003095
1608886.583214	-0.002100	0.005237
1606445.176964	0.002244	0.003552
1604003.770714	0.000193	0.007956
1601562.364464	0.000429	0.006471
1599120.958214	0.001773	0.008452
1596679.551964	0.001834	-0.000107
1594238.145714	0.000196	0.003952
1591796.739464	-0.002082	0.007012
1589355.333214	-0.002974	0.006015
1586913.926964	-0.000763	0.006551
1584472.520714	-0.003106	0.005636
1582031.114464	0.001370	0.006420
1579589.708214	-0.000169	0.007792
1577148.301964	-0.001206	0.004598
1574706.895714	0.000599	0.007031
1572265.489464	0.000322	0.008258
1569824.083214	-0.003230	0.006923
1567382.676964	0.001943	0.003140
1564941.270714	-0.002091	0.005031
1562499.864464	0.000633	0.004425
1560058.458214	-0.000008	0.006934
1557617.051964	-0.002668	0.006948
1555175.645714	-0.001905	0.005450
1552734.239464	-0.001814	0.005972
1550292.833214	-0.001794	0.009097
1547851.426964	-0.000167	0.003631
1545410.020714	-0.000325	0.002842
1542968.614464	0.000311	0.008647
1540527.208214	0.001745	0.007834
1538085.801964	-0.000298	0.003801
1535644.395714	0.001614	0.007365
1533202.989464	0.000902	0.003793
1530761.583214	-0.000837	0.008818
1528320.176964	-0.001201	0.005901
1525878.770714	0.000899	0.002472
1523437.364464	-0.002348	0.009719
1520995.958214	-0.001074	0.008087
1518554.551964	-0.000786	0.007722
1516113.145714	-0.000852	0.005892
1513671.739464	-0.001885	0.007611
1511230.333214	0.001761	0.003584
1508788.926964	0.001103	0.008473
1506347.520714	-0.002220	0.006504
1503906.114464	-0.001792	0.004300
1501464.708214	0.000326	0.007924
1499023.301964	-0.000101	0.009147
1496581.895714	-0.001864	0.007256
1494140.489464	-0.001117	0.004972
1491699.083214	-0.001147	0.002984
1489257.676964	-0.001864	0.004948
1486816.270714	0.001340	0.005646
1484374.864464	0.002131	0.009587
1481933.458214	-0.004472	0.005140
1479492.051964	-0.001094	0.005683
1477050.645714	-0.000360	0.005345
1474609.239464	-0.000674	0.005821
1472167.833214	-0.002574	0.005623
1469726.426964	-0.001654	0.004665
1467285.020714	-0.000902	0.008412
1464843.614464	-0.000390	0.002372
1462402.208214	0.000497	0.006304
1459960.801964	-0.003582	0.004980
1457519.395714	-0.000005	0.005523
1455077.989464	-0.000418	0.006630
1452636.583214	0.002974	0.006505
1450195.176964	-0.001148	0.006173
1447753.770714	-0.003900	0.009506
1445312.364464	-0.000851	0.006692
1442870.958214	-0.001607	0.005278
1440429.551964	0.000616	0.007810
1437988.145714	-0.003674	0.010783
1435546.739464	-0.000049	0.004466
1433105.333214	0.000146	0.002946
1430663.926964	-0.000731	0.005854
1428222.520714	-0.003134	0.006058
1425781.114464	0.000659	0.006718
1423339.708214	-0.001175	0.008365
1420898.301964	-0.000793	0.006275
1418456.895714	-0.001483	0.007357
1416015.489464	0.001152	0.006042
1413574.083214	-0.000858	0.007764
1411132.676964	-0.001652	0.007681
1408691.270714	-0.000730	0.005949
1406249.864464	-0.002405	0.003052
1403808.458214	-0.000361	0.006701
1401367.051964	0.002616	0.006663
1398925.645714	-0.001719	0.006685
1396484.239464	-0.001971	0.016799
1394042.833214	-0.000460	0.004781
1391601.426964	-0.000660	0.007253
1389160.020714	0.000560	0.008644
1386718.614464	0.001888	0.006921
1384277.208214	-0.000658	0.006192
1381835.801964	0.002148	0.007062
1379394.395714	-0.000074	0.006323
1376952.989464	-0.000224	0.006296
1374511.583214	0.000783	0.005483
1372070.176964	0.000363	0.004459
1369628.770714	-0.002069	0.005488
1367187.364464	0.001658	0.007167
1364745.958214	-0.000643	0.006459
1362304.551964	-0.000804	0.004277
1359863.145714	-0.003457	0.010821
1357421.739464	-0.001407	0.004239
1354980.333214	-0.001977	0.006356
1352538.926964	0.002634	0.007129
1350097.520714	-0.001999	0.003779
1347656.114464	-0.003188	0.004276
1345214.708214	-0.003134	0.006588
1342773.301964	-0.001268	0.008523
1340331.895714	-0.001919	0.006436
1337890.489464	-0.006262	0.007765
1335449.083214	0.003419	0.009990
1333007.676964	-0.002453	0.010712
1330566.270714	-0.001699	0.007605
1328124.864464	-0.001015	0.007927
1325683.458214	-0.001124	0.007629
1323242.051964	-0.001840	0.007871
1320800.645714	-0.002175	0.008293
1318359.239464	-0.003631	0.008726
1315917.833214	0.001626	0.004809
1313476.426964	0.002484	0.008096
1311035.020714	0.000156	0.009764
1308593.614464	-0.001994	0.007709
1306152.208214	-0.001468	0.005511
1303710.801964	-0.000379	0.009261
1301269.395714	-0.002996	0.010074
1298827.989464	0.000480	0.011123
1296386.583214	-0.001592	0.011134
1293945.176964	-0.002601	0.008261
1291503.770714	-0.004481	0.011141
1289062.364464	-0.001219	0.009083
1286620.958214	-0.003900	0.008488
1284179.551964	-0.000418	0.010285
1281738.145714	-0.001221	0.008815
1279296.739464	-0.000676	0.006801
1276855.333214	-0.002064	0.009112
1274413.926964	-0.000890	0.006275
1271972.520714	-0.000132	0.012695
1269531.114464	-0.000120	0.012051
1267089.708214	0.002763	0.010293
1264648.301964	-0.001069	0.008596
1262206.895714	0.002396	0.007978
1259765.489464	0.000024	0.009874
1257324.083214	0.003031	0.009215
1254882.676964	-0.000714	0.010006
1252441.270714	-0.001565	0.008575
1249999.864464	-0.005215	0.013025
1247558.458214	0.002890	0.010509
1245117.051964	0.003862	0.009664
1242675.645714	0.001891	0.009524
1240234.239464	0.003731	0.009305
1237792.833214	0.000670	0.008143
1235351.426964	-0.001874	0.010270
1232910.020714	-0.000179	0.007363
1230468.614464	-0.000207	0.006073
1228027.208214	-0.000260	0.009094
1225585.801964	0.004925	0.011497
1223144.395714	0.000542	0.006958
1220702.989464	-0.000325	0.007533
1218261.583214	0.001449	0.004461
1215820.176964	0.000341	0.009056
1213378.770714	0.001300	0.008691
1210937.364464	-0.001784	0.011680
1208495.958214	-0.003065	0.007526
1206054.551964	-0.000581	0.007287
1203613.145714	0.002790	0.009185
1201171.739464	-0.002858	0.008094
1198730.333214	0.002761	0.016107
1196288.926964	-0.005394	0.002126
1193847.520714	-0.000971	0.003730
1191406.114464	-0.003051	0.004842
1188964.708214	-0.006670	0.009453
1186523.301964	-0.003007	0.005033
1184081.895714	-0.003337	0.009132
1181640.489464	-0.003832	0.009833
1179199.083214	-0.003695	0.009256
1176757.676964	-0.000393	0.005697
1174316.270714	-0.003596	0.007974
1171874.864464	-0.003792	0.008005
1169433.458214	0.001292	0.007345
1166992.051964	-0.000325	0.011539
1164550.645714	-0.003466	0.013224
1162109.239464	-0.000744	0.011722
1159667.833214	-0.000877	0.009272
1157226.426964	-0.002469	0.013796
1154785.020714	-0.000512	0.009070
1152343.614464	-0.000517	0.012715
1149902.208214	-0.000231	0.008636
1147460.801964	0.002347	0.008979
1145019.395714	-0.000456	0.010951
1142577.989464	-0.002663	0.010864
1140136.583214	-0.001286	0.010387
1137695.176964	-0.001217	0.007121
1135253.770714	0.000147	0.010290
1132812.364464	-0.001992	0.012096
1130370.958214	0.002130	0.009087
1127929.551964	0.000181	0.008831
1125488.145714	-0.001031	0.011195
1123046.739464	-0.000388	0.009172
1120605.333214	0.001457	0.010200
1118163.926964	-0.002601	0.015385
1115722.520714	-0.002755	0.011331
1113281.114464	-0.001484	0.008222
1110839.708214	-0.005030	0.008359
1108398.301964	0.000355	0.008965
1105956.895714	-0.002065	0.010567
1103515.489464	-0.000994	0.012223
1101074.083214	-0.004079	0.009519
1098632.676964	-0.000766	0.014180
1096191.270714	-0.001791	0.012814
1093749.864464	0.002245	0.011518
1091308.458214	0.001177	0.010982
1088867.051964	0.002155	0.010095
1086425.645714	0.001034	0.011911
1083984.239464	-0.002425	0.013476
1081542.833214	-0.000659	0.008819
1079101.426964	0.000875	0.008746
1076660.020714	0.003282	0.011380
1074218.614464	0.001830	0.013282
1071777.208214	0.002094	0.013008
1069335.801964	-0.000997	0.012686
1066894.395714	-0.000489	0.007887
1064452.989464	-0.000293	0.008607
1062011.583214	-0.001290	0.009981
1059570.176964	0.001788	0.007295
1057128.770714	-0.002168	0.011341
1054687.364464	-0.000137	0.006788
1052245.958214	-0.003138	0.012090
1049804.551964	-0.001997	0.005411
1047363.145714	0.000466	0.009900
1044921.739464	-0.004613	0.008237
1042480.333214	-0.004361	0.007611
1040038.926964	-0.003935	0.010302
1037597.520714	-0.000915	0.012607
1035156.114464	-0.002512	0.008530
1032714.708214	-0.000213	0.010298
1030273.301964	-0.003381	0.010033
1027831.895714	-0.002940	0.008646
1025390.489464	-0.000397	0.009695
1022949.083214	-0.004569	0.013805
1020507.676964	-0.005150	0.008827
1018066.270714	-0.005812	0.009164
1015624.864464	-0.000695	0.007153
1013183.458214	-0.007295	0.005621
1010742.051964	-0.005968	0.010925
1008300.645714	-0.004952	0.011201
1005859.239464	-0.007163	0.013449
1003417.833214	-0.006949	0.012163
1000976.426964	-0.000964	0.008264
998535.020714	-0.002212	0.010104
996093.614464	-0.008819	0.020307
993652.208214	-0.005645	0.015103
991210.801964	-0.001887	0.016094
988769.395714	-0.004075	0.008544
986327.989464	-0.005076	0.013148
983886.583214	-0.004618	0.012724
981445.176964	-0.005495	0.013291
979003.770714	-0.001818	0.011278
976562.364464	-0.005563	0.015319
974120.958214	-0.002178	0.011535
971679.551964	-0.001722	0.013291
969238.145714	-0.002004	0.014897
966796.739464	-0.000689	0.015715
964355.333214	-0.002436	0.015159
961913.926964	-0.004924	0.017671
959472.520714	-0.005356	0.016309
957031.114464	-0.003906	0.014061
954589.708214	-0.002239	0.016946
952148.301964	-0.000564	0.011200
949706.895714	-0.001571	0.014949
947265.489464	-0.002584	0.012191
944824.083214	-0.003186	0.011479
942382.676964	-0.003280	0.013916
939941.270714	-0.001404	0.015106
937499.864464	-0.003199	0.014239
935058.458214	-0.004908	0.011940
932617.051964	-0.004977	0.017316
930175.645714	-0.005530	0.014909
927734.239464	-0.004866	0.015379
925292.833214	-0.005842	0.016529
922851.426964	-0.007250	0.018391
920410.020714	-0.003975	0.018408
917968.614464	-0.002602	0.019840
915527.208214	-0.004870	0.022495
913085.801964	0.002210	0.021300
910644.395714	-0.001912	0.020135
908202.989464	-0.002345	0.021033
905761.583214	0.003165	0.017537
903320.176964	0.000341	0.017168
900878.770714	0.002874	0.018551
898437.364464	-0.000517	0.016448
895995.958214	-0.003496	0.013571
893554.551964	0.000606	0.013002
891113.145714	-0.003857	0.015499
888671.739464	-0.003955	0.015053
886230.333214	-0.000411	0.016346
883788.926964	-0.001337	0.014284
881347.520714	-0.000943	0.017690
878906.114464	-0.002044	0.014230
876464.708214	-0.005228	0.015113
874023.301964	-0.003813	0.016255
871581.895714	-0.000632	0.017088
869140.489464	-0.004514	0.015033
866699.083214	-0.000629	0.014653
864257.676964	-0.004241	0.017389
861816.270714	-0.003059	0.015148
859374.864464	-0.003278	0.017648
856933.458214	-0.001773	0.014074
854492.051964	-0.004149	0.018797
852050.645714	-0.001188	0.018120
849609.239464	-0.001834	0.014779
847167.833214	-0.003848	0.017569
844726.426964	-0.002865	0.017825
842285.020714	-0.004535	0.016452
839843.614464	-0.006186	0.019002
837402.208214	-0.000654	0.015526
834960.801964	-0.003314	0.019952
832519.395714	-0.000957	0.021030
830077.989464	-0.003114	0.018847
827636.583214	-0.002802	0.020046
825195.176964	-0.002577	0.018232
822753.770714	-0.003397	0.020877
820312.364464	-0.000721	0.019905
817870.958214	-0.001094	0.017713
815429.551964	0.000139	0.019849
812988.145714	-0.002371	0.020825
810546.739464	0.001010	0.019986
808105.333214	-0.001762	0.019799
805663.926964	0.002296	0.018480
803222.520714	-0.000735	0.020377
800781.114464	0.004345	0.022808
798339.708214	0.001485	0.017453
795898.301964	-0.002714	0.019026
793456.895714	-0.001310	0.022571
791015.489464	-0.000105	0.018286
788574.083214	0.001108	0.019949
786132.676964	0.000250	0.017365
783691.270714	-0.000190	0.017808
781249.864464	0.006534	0.019627
778808.458214	0.000718	0.015663
776367.051964	0.000864	0.019824
773925.645714	-0.000420	0.016410
771484.239464	-0.001280	0.017940
769042.833214	0.002348	0.021505
766601.426964	0.001678	0.021314
764160.020714	0.000710	0.017842
761718.614464	-0.000906	0.022764
759277.208214	-0.003674	0.016512
756835.801964	-0.002808	0.018336
754394.395714	0.004770	0.019481
751952.989464	0.000739	0.025217
749511.583214	0.000357	0.024067
747070.176964	0.000024	0.021706
744628.770714	0.001059	0.022187
742187.364464	-0.000065	0.018178
739745.958214	0.002712	0.017280
737304.551964	-0.002041	0.019062
734863.145714	0.000062	0.020177
732421.739464	-0.001426	0.019797
729980.333214	-0.001836	0.019298
727538.926964	0.000890	0.021340
725097.520714	0.001248	0.018846
722656.114464	0.000692	0.017061
720214.708214	0.004619	0.021109
717773.301964	0.001632	0.020151
715331.895714	-0.001831	0.021351
712890.489464	-0.001088	0.017246
710449.083214	0.004025	0.016354
708007.676964	0.000039	0.019638
705566.270714	0.003411	0.021174
703124.864464	-0.000420	0.021076
700683.458214	0.000417	0.020201
698242.051964	0.002420	0.019864
695800.645714	0.000266	0.021165
693359.239464	-0.000640	0.020026
690917.833214	0.001859	0.016657
688476.426964	0.003282	0.020644
686035.020714	-0.000242	0.018898
683593.614464	0.000733	0.021215
681152.208214	-0.000975	0.021151
678710.801964	0.001797	0.020691
676269.395714	0.002036	0.022714
673827.989464	0.002497	0.019500
671386.583214	-0.001619	0.021439
668945.176964	0.001986	0.020328
666503.770714	0.001166	0.021851
664062.364464	-0.001237	0.022733
661620.958214	-0.002546	0.022724
659179.551964	0.001635	0.019367
656738.145714	-0.000929	0.020719
654296.739464	0.001917	0.022453
651855.333214	0.000547	0.018523
649413.926964	0.002743	0.022382
646972.520714	0.002594	0.022156
644531.114464	0.000718	0.022191
642089.708214	0.002310	0.020309
639648.301964	0.003015	0.025336
637206.895714	0.001801	0.021073
634765.489464	0.001459	0.021839
632324.083214	0.003773	0.020037
629882.676964	0.001860	0.022203
627441.270714	-0.001034	0.017260
624999.864464	-0.004113	0.020360
622558.458214	-0.002827	0.019212
620117.051964	-0.004516	0.018508
617675.645714	-0.003567	0.019591
615234.239464	-0.002235	0.024084
612792.833214	-0.000136	0.021656
610351.426964	-0.001969	0.022436
607910.020714	-0.000342	0.023399
605468.614464	-0.001840	0.023100
603027.208214	-0.001748	0.024544
600585.801964	-0.001619	0.021099
598144.395714	-0.009855	0.010555
595702.989464	0.007051	0.026157
593261.583214	0.001751	0.025657
590820.176964	0.000522	0.024027
588378.770714	-0.001336	0.024246
585937.364464	0.001257	0.021302
583495.958214	0.001730	0.025825
581054.551964	0.001382	0.024632
578613.145714	0.002192	0.023121
576171.739464	-0.000318	0.021859
573730.333214	-0.002953	0.023375
571288.926964	-0.000895	0.026395
568847.520714	-0.004642	0.027390
566406.114464	-0.002458	0.024405
563964.708214	-0.001707	0.028880
561523.301964	-0.001293	0.027519
559081.895714	0.000903	0.028683
556640.489464	0.000469	0.025500
554199.083214	-0.004654	0.030207
551757.676964	0.002201	0.027000
549316.270714	0.001973	0.026390
546874.864464	0.001896	0.029698
544433.458214	-0.000598	0.029629
541992.051964	0.003643	0.027718
539550.645714	0.000995	0.030188
537109.239464	0.002440	0.027503
534667.833214	0.003448	0.028168
532226.426964	-0.001554	0.021092
529785.020714	-0.001384	0.027175
527343.614464	0.003259	0.025081
524902.208214	0.000225	0.026283
522460.801964	-0.001947	0.025574
520019.395714	0.003349	0.026722
517577.989464	0.002524	0.023763
515136.583214	0.000894	0.026848
512695.176964	0.002531	0.026759
510253.770714	0.000493	0.030554
507812.364464	-0.000846	0.030155
505370.958214	0.000459	0.028386
502929.551964	-0.000744	0.030750
500488.145714	-0.004239	0.027730
498046.739464	-0.000446	0.030144
495605.333214	0.003427	0.026368
493163.926964	0.000893	0.028071
490722.520714	0.004951	0.024031
488281.114464	0.000272	0.026794
485839.708214	0.003294	0.028764
483398.301964	0.005018	0.026108
480956.895714	0.001147	0.026927
478515.489464	0.004369	0.030442
476074.083214	0.001846	0.025823
473632.676964	0.003490	0.028291
471191.270714	0.000278	0.025762
468749.864464	0.000388	0.026924
466308.458214	0.002171	0.030104
463867.051964	0.001338	0.025386
461425.645714	0.003571	0.026650
458984.239464	-0.003008	0.022983
456542.833214	-0.002682	0.026410
454101.426964	-0.002892	0.025710
451660.020714	-0.001921	0.027638
449218.614464	-0.002746	0.029117
446777.208214	-0.002662	0.026069
444335.801964	-0.001192	0.029636
441894.395714	-0.001466	0.030136
439452.989464	-0.004175	0.035305
437011.583214	-0.003107	0.030545
434570.176964	-0.006613	0.032637
432128.770714	-0.002158	0.032272
429687.364464	0.000985	0.034372
427245.958214	-0.000569	0.034699
424804.551964	-0.000139	0.034067
422363.145714	-0.000894	0.034181
419921.739464	0.001471	0.034365
417480.333214	-0.000104	0.037307
415038.926964	-0.000574	0.032660
412597.520714	-0.003905	0.034848
410156.114464	-0.003606	0.034747
407714.708214	-0.003297	0.035425
405273.301964	-0.002108	0.034213
402831.895714	-0.000196	0.035485
400390.489464	-0.000911	0.033626
397949.083214	0.000822	0.033364
395507.676964	0.000169	0.034114
393066.270714	-0.001796	0.035107
390624.864464	0.001018	0.036698
388183.458214	-0.000249	0.033435
385742.051964	0.003707	0.036317
383300.645714	0.002095	0.031751
380859.239464	-0.000531	0.038006
378417.833214	0.000740	0.040727
375976.426964	0.001767	0.036835
373535.020714	-0.000683	0.037985
371093.614464	0.001046	0.034302
368652.208214	-0.003908	0.041283
366210.801964	-0.000033	0.036860
363769.395714	0.001298	0.038467
361327.989464	-0.001943	0.039481
358886.583214	-0.002326	0.042188
356445.176964	0.000308	0.039662
354003.770714	-0.002859	0.038856
351562.364464	-0.000278	0.038954
349120.958214	-0.001168	0.039420
346679.551964	-0.000277	0.043722
344238.145714	0.000701	0.042337
341796.739464	-0.001769	0.040074
339355.333214	0.001191	0.040649
336913.926964	0.000620	0.040382
334472.520714	-0.001323	0.044039
332031.114464	-0.000002	0.044626
329589.708214	-0.004100	0.044269
327148.301964	-0.001939	0.043484
324706.895714	-0.000445	0.045223
322265.489464	-0.000865	0.044830
319824.083214	0.000869	0.044817
317382.676964	0.005106	0.047294
314941.270714	-0.000624	0.045873
312499.864464	0.004495	0.049704
310058.458214	-0.000230	0.045446
307617.051964	0.000634	0.050771
305175.645714	-0.000644	0.048977
302734.239464	0.000707	0.049776
300292.833214	-0.000301	0.044714
297851.426964	0.000106	0.051282
295410.020714	0.002179	0.050131
292968.614464	-0.001051	0.050827
290527.208214	0.004824	0.050824
288085.801964	0.002426	0.049760
285644.395714	0.003753	0.050156
283202.989464	0.004705	0.053691
280761.583214	0.003377	0.054572
278320.176964	0.006574	0.055791
275878.770714	0.004882	0.053874
273437.364464	0.007070	0.054207
270995.958214	0.003426	0.053707
268554.551964	0.005981	0.054179
266113.145714	0.003322	0.052817
263671.739464	0.005868	0.054099
261230.333214	0.006528	0.054151
258788.926964	0.010074	0.053327
256347.520714	0.002802	0.051678
253906.114464	0.003832	0.056090
251464.708214	0.001383	0.049558
249023.301964	0.002306	0.052813
246581.895714	-0.000245	0.052652
244140.489464	0.003399	0.054811
241699.083214	0.003239	0.057702
239257.676964	0.003223	0.054072
236816.270714	0.002887	0.055442
234374.864464	0.005256	0.056271
231933.458214	0.001174	0.053987
229492.051964	0.000182	0.058025
227050.645714	-0.000591	0.058748
224609.239464	0.000766	0.060190
222167.833214	-0.001759	0.059872
219726.426964	0.000278	0.065704
217285.020714	0.001056	0.062491
214843.614464	-0.000683	0.062960
212402.208214	-0.001953	0.065056
209960.801964	0.003285	0.068807
207519.395714	-0.000033	0.067618
205077.989464	-0.002662	0.069588
202636.583214	-0.002020	0.070289
200195.176964	0.001479	0.069309
197753.770714	0.003348	0.071873
195312.364464	-0.000530	0.075045
192870.958214	0.006064	0.076698
190429.551964	0.005557	0.074342
187988.145714	0.007040	0.077461
185546.739464	0.003168	0.076815
183105.333214	0.002984	0.072090
180663.926964	0.004219	0.075405
178222.520714	0.007631	0.076429
175781.114464	0.004189	0.078441
173339.708214	0.006536	0.078570
170898.301964	0.004346	0.077569
168456.895714	0.004065	0.080716
166015.489464	0.000575	0.078008
163574.083214	0.002705	0.085907
161132.676964	0.000443	0.089962
158691.270714	0.004192	0.091571
156249.864464	0.003667	0.092399
153808.458214	0.004015	0.093620
151367.051964	0.006102	0.091397
148925.645714	0.005221	0.085816
146484.239464	0.004962	0.093633
144042.833214	0.002607	0.093772
141601.426964	0.003856	0.101529
139160.020714	0.003456	0.095256
136718.614464	0.002219	0.103350
134277.208214	0.010321	0.099905
131835.801964	0.005606	0.106886
129394.395714	0.004191	0.098200
126952.989464	0.009596	0.103441
124511.583214	0.004994	0.111124
122070.176964	0.001034	0.112865
119628.770714	0.004706	0.115822
117187.364464	0.010414	0.120584
114745.958214	0.013983	0.123250
112304.551964	0.009698	0.118387
109863.145714	0.008497	0.121289
107421.739464	0.009031	0.128592
104980.333214	0.012527	0.126998
102538.926964	0.010520	0.131181
100097.520714	0.007018	0.132352
97656.114464	0.010253	0.140347
95214.708214	0.012260	0.142456
92773.301964	0.014731	0.143860
90331.895714	0.010371	0.152711
87890.489464	0.013155	0.158889
85449.083214	0.016602	0.169088
83007.676964	0.018007	0.166911
80566.270714	0.021046	0.172325
78124.864464	0.025312	0.179055
75683.458214	0.026824	0.183288
73242.051964	0.028048	0.184076
70800.645714	0.029890	0.191173
68359.239464	0.032469	0.192295
65917.833214	0.032483	0.201240
63476.426964	0.034223	0.208434
61035.020714	0.036086	0.213170
58593.614464	0.037387	0.224888
56152.208214	0.043659	0.232326
53710.801964	0.048021	0.243007
51269.395714	0.048920	0.255539
48827.989464	0.059489	0.267520
46386.583214	0.065097	0.276538
43945.176964	0.074641	0.292130
41503.770714	0.080012	0.304922
39062.364464	0.089718	0.321033
36620.958214	0.105216	0.339282
34179.551964	0.118380	0.359982
31738.145714	0.135894	0.375348
29296.739464	0.158908	0.398676
26855.333214	0.182174	0.426323
24413.926964	0.218386	0.446578
21972.520714	0.251927	0.468924
19531.114464	0.301078	0.492120
17089.708214	0.363349	0.518165
14648.301964	0.434821	0.536372
12206.895714	0.528992	0.546808
9765.489464	0.641033	0.531056
7324.083214	0.766102	0.486184
4882.676964	0.891271	0.389332
2441.270714	0.992240	0.239691
-0.135536	1.034682	0.059852
-2441.541786	1.007760	-0.130613
-4882.948036	0.925266	-0.282130
-7324.354286	0.811691	-0.387400
-9765.760536	0.692069	-0.449769
-12207.166786	0.582637	-0.471779
-14648.573036	0.497975	-0.475970
-17089.979286	0.420483	-0.470925
-19531.385536	0.360548	-0.451064
-21972.791786	0.312131	-0.431404
-24414.198036	0.264104	-0.411585
-26855.604286	0.237900	-0.391988
-29297.010536	0.209817	-0.372139
-31738.416786	0.186205	-0.356966
-34179.823036	0.165332	-0.341998
-36621.229286	0.154046	-0.326684
-39062.635536	0.141116	-0.308928
-41504.041786	0.127184	-0.298826
-43945.448036	0.112471	-0.288682
-46386.854286	0.103541	-0.273701
-48828.260536	0.094259	-0.265951
-51269.666786	0.081895	-0.254513
-53711.073036	0.079239	-0.246622
-56152.479286	0.068801	-0.237496
-58593.885536	0.063926	-0.229310
-61035.291786	0.058456	-0.218187
-63476.698036	0.048962	-0.204376
-65918.104286	0.051110	-0.197518
-68359.510536	0.047726	-0.189343
-70800.916786	0.045719	-0.188488
-73242.323036	0.043902	-0.182387
-75683.729286	0.042758	-0.174880
-78125.135536	0.038038	-0.171856
-80566.541786	0.039092	-0.165540
-83007.948036	0.040470	-0.159218
-85449.354286	0.037627	-0.157493
-87890.760536	0.032781	-0.153650
-90332.166786	0.029696	-0.153346
-92773.573036	0.028392	-0.150284
-95214.979286	0.028635	-0.144781
-97656.385536	0.026990	-0.140098
-100097.791786	0.022084	-0.132742
-102539.198036	0.027487	-0.128092
-104980.604286	0.020484	-0.128618
-107422.010536	0.017266	-0.130816
-109863.416786	0.017696	-0.121896
-112304.823036	0.020988	-0.118450
-114746.229286	0.017434	-0.116976
-117187.635536	0.011771	-0.108511
-119629.041786	0.013194	-0.110044
-122070.448036	0.019558	-0.103418
-124511.854286	0.019224	-0.100086
-126953.260536	0.015625	-0.097527
-129394.666786	0.020518	-0.097295
-131836.073036	0.017219	-0.096163
-134277.479286	0.018012	-0.094591
-136718.885536	0.020639	-0.093925
-139160.291786	0.017045	-0.092665
-141601.698036	0.019294	-0.089744
-144043.104286	0.021399	-0.091187
-146484.510536	0.019788	-0.092428
-148925.916786	0.021930	-0.086184
-151367.323036	0.022798	-0.083993
-153808.729286	0.020190	-0.087348
-156250.135536	0.022846	-0.086415
-158691.541786	0.022839	-0.081242
-161132.948036	0.021373	-0.084888
-163574.354286	0.018786	-0.088939
-166015.760536	0.018989	-0.082559
-168457.166786	0.019749	-0.082696
-170898.573036	0.012573	-0.080917
-173339.979286	0.011081	-0.081424
-175781.385536	0.016259	-0.077973
-178222.791786	0.017827	-0.079006
-180664.198036	0.014947	-0.076830
-183105.604286	0.013899	-0.078989
-185547.010536	0.017307	-0.078363
-187988.416786	0.014672	-0.076629
-190429.823036	0.014362	-0.075267
-192871.229286	0.011457	-0.072171
-195312.635536	0.012833	-0.069989
-197754.041786	0.012396	-0.072898
-200195.448036	0.010228	-0.068428
-202636.854286	0.018727	-0.068842
-205078.260536	0.014089	-0.066782
-207519.666786	0.011723	-0.067012
-209961.073036	0.011380	-0.070376
-212402.479286	0.012332	-0.066759
-214843.885536	0.013290	-0.067644
-217285.291786	0.014659	-0.066737
-219726.698036	0.011864	-0.066263
-222168.104286	0.012756	-0.064867
-224609.510536	0.010604	-0.064677
-227050.916786	0.010443	-0.063030
-229492.323036	0.011296	-0.062390
-231933.729286	0.009084	-0.064887
-234375.135536	0.012126	-0.065593
-236816.541786	0.009286	-0.065632
-239257.948036	0.009365	-0.062779
-241699.354286	0.013003	-0.061402
-244140.760536	0.011170	-0.060741
-246582.166786	0.009269	-0.063116
-249023.573036	0.004133	-0.058974
-251464.979286	0.003870	-0.058532
-253906.385536	0.009367	-0.058606
-256347.791786	0.006888	-0.058721
-258789.198036	0.007748	-0.055486
-261230.604286	0.002340	-0.056884
-263672.010536	0.005430	-0.054658
-266113.416786	0.003794	-0.053649
-268554.823036	0.006556	-0.054196
-270996.229286	0.005800	-0.053918
-273437.635536	0.006448	-0.054406
-275879.041786	0.008749	-0.045497
-278320.448036	0.007452	-0.048847
-280761.854286	0.005372	-0.050733
-283203.260536	0.011669	-0.046315
-285644.666786	0.009554	-0.049830
-288086.073036	0.006186	-0.049152
-290527.479286	0.004305	-0.047939
-292968.885536	0.006463	-0.048499
-295410.291786	0.006676	-0.043358
-297851.698036	0.008452	-0.050231
-300293.104286	0.009656	-0.044137
-302734.510536	0.006581	-0.048243
-305175.916786	0.007079	-0.048359
-307617.323036	0.007787	-0.045471
-310058.729286	0.007855	-0.047905
-312500.135536	0.006126	-0.047898
-314941.541786	0.007527	-0.045845
-317382.948036	0.000125	-0.044761
-319824.354286	0.005998	-0.047336
-322265.760536	0.004583	-0.043537
-324707.166786	0.005508	-0.047117
-327148.573036	0.002226	-0.043570
-329589.979286	0.005516	-0.044278
-332031.385536	0.009011	-0.042980
-334472.791786	0.007995	-0.043017
-336914.198036	0.005028	-0.042628
-339355.604286	0.004620	-0.044470
-341797.010536	0.004790	-0.042257
-344238.416786	0.007233	-0.043956
-346679.823036	0.005381	-0.039955
-349121.229286	0.005909	-0.044268
-351562.635536	0.005315	-0.042998
-354004.041786	0.005056	-0.043584
-356445.448036	0.002773	-0.044087
-358886.854286	0.004112	-0.040586
-361328.260536	0.004932	-0.040353
-363769.666786	0.005279	-0.041033
-366211.073036	0.009027	-0.042896
-368652.479286	0.002294	-0.041859
-371093.885536	0.004899	-0.042183
-373535.291786	0.002101	-0.042014
-375976.698036	0.003567	-0.040875
-378418.104286	0.006417	-0.040313
-380859.510536	0.004010	-0.039174
-383300.916786	0.003413	-0.038621
-385742.323036	0.003190	-0.038489
-388183.729286	0.002032	-0.040069
-390625.135536	0.004505	-0.035831
-393066.541786	0.003482	-0.038289
-395507.948036	0.006742	-0.037420
-397949.354286	0.001441	-0.034543
-400390.760536	0.002179	-0.034429
-402832.166786	0.002494	-0.042233
-405273.573036	0.002404	-0.040525
-407714.979286	0.004151	-0.038885
-410156.385536	0.005032	-0.037153
-412597.791786	0.001875	-0.037388
-415039.198036	0.001849	-0.036482
-417480.604286	0.001213	-0.035157
-419922.010536	0.000146	-0.035064
-422363.416786	0.000811	-0.035646
-424804.823036	0.003221	-0.036331
-427246.229286	-0.000209	-0.035784
-429687.635536	-0.000176	-0.032861
-432129.041786	0.002196	-0.035962
-434570.448036	0.003001	-0.034371
-437011.854286	0.001819	-0.034686
-439453.260536	0.001304	-0.034305
-441894.666786	0.000949	-0.032134
-444336.073036	0.001275	-0.034158
-446777.479286	0.001183	-0.039043
-449218.885536	0.002754	-0.034034
-451660.291786	0.003715	-0.032811
-454101.698036	0.000175	-0.034088
-456543.104286	0.000149	-0.033796
-458984.510536	0.001492	-0.036234
-461425.916786	0.001088	-0.033393
-463867.323036	0.001854	-0.034280
-466308.729286	0.001151	-0.032699
-468750.135536	0.000171	-0.032225
-471191.541786	0.003300	-0.031817
-473632.948036	0.001769	-0.032668
-476074.354286	0.000555	-0.029643
-478515.760536	0.001668	-0.033868
-480957.166786	-0.002087	-0.032886
-483398.573036	-0.003261	-0.032393
-485839.979286	-0.001510	-0.029273
-488281.385536	0.000287	-0.032418
-490722.791786	-0.000815	-0.030026
-493164.198036	0.001096	-0.029019
-495605.604286	-0.000545	-0.031326
-498047.010536	-0.000677	-0.031329
-500488.416786	-0.002839	-0.028362
-502929.823036	0.000084	-0.030021
-505371.229286	-0.001475	-0.030603
-507812.635536	0.000076	-0.034107
-510254.041786	-0.001412	-0.028123
-512695.448036	0.000085	-0.031441
-515136.854286	-0.003191	-0.025341
-517578.260536	-0.000011	-0.029625
-520019.666786	-0.001660	-0.027309
-522461.073036	0.000200	-0.027063
-524902.479286	-0.000563	-0.026355
-527343.885536	-0.002299	-0.027524
-529785.291786	-0.000155	-0.028400
-532226.698036	-0.000135	-0.029471
-534668.104286	-0.003612	-0.026150
-537109.510536	-0.002721	-0.026065
-539550.916786	-0.001887	-0.028462
-541992.323036	-0.001483	-0.026590
-544433.729286	-0.004727	-0.022860
-546875.135536	-0.001299	-0.022427
-549316.541786	-0.000949	-0.024042
-551757.948036	-0.002179	-0.023310
-554199.354286	-0.001046	-0.021174
-556640.760536	-0.001960	-0.024909
-559082.166786	-0.000968	-0.021388
-561523.573036	0.000999	-0.028067
-563964.979286	-0.000509	-0.023933
-566406.385536	0.003661	-0.025154
-568847.791786	0.000797	-0.024268
-571289.198036	0.002695	-0.022558
-573730.604286	0.000531	-0.023372
-576172.010536	-0.000445	-0.022390
-578613.416786	0.001890	-0.024243
-581054.823036	0.003829	-0.022539
-583496.229286	0.000327	-0.021532
-585937.635536	-0.000721	-0.024290
-588379.041786	-0.004203	-0.024810
-590820.448036	-0.000797	-0.022171
-593261.854286	-0.000365	-0.021683
-595703.260536	0.001371	-0.024082
-598144.666786	0.000150	-0.029645
-600586.073036	0.000957	-0.023205
-603027.479286	-0.001493	-0.023997
-605468.885536	0.000794	-0.022202
-607910.291786	0.001076	-0.023936
-610351.698036	0.003981	-0.028107
-612793.104286	0.000338	-0.025380
-615234.510536	0.002027	-0.024960
-617675.916786	-0.002812	-0.022152
-620117.323036	-0.002757	-0.022062
-622558.729286	0.000578	-0.023312
-625000.135536	0.000163	-0.025508
-627441.541786	-0.003794	-0.024152
-629882.948036	-0.003531	-0.023789
-632324.354286	-0.004925	-0.023453
-634765.760536	-0.002867	-0.022275
-637207.166786	-0.002783	-0.023385
-639648.573036	-0.002438	-0.020441
-642089.979286	-0.001493	-0.022188
-644531.385536	-0.004345	-0.018798
-646972.791786	-0.000224	-0.020501
-649414.198036	-0.001375	-0.021836
-651855.604286	-0.001699	-0.023032
-654297.010536	-0.000896	-0.023249
-656738.416786	-0.002381	-0.022530
-659179.823036	-0.003435	-0.022069
-661621.229286	-0.000375	-0.019596
-664062.635536	-0.003580	-0.019400
-666504.041786	-0.002969	-0.022093
-668945.448036	-0.002769	-0.017843
-671386.854286	-0.002594	-0.019335
-673828.260536	-0.002649	-0.017929
-676269.666786	0.000365	-0.019873
-678711.073036	-0.004957	-0.019661
-681152.479286	-0.006218	-0.017814
-683593.885536	-0.003779	-0.019128
-686035.291786	-0.003219	-0.022022
-688476.698036	-0.000648	-0.018482
-690918.104286	-0.003901	-0.022734
-693359.510536	-0.001046	-0.020223
-695800.916786	-0.000501	-0.015462
-698242.323036	-0.002682	-0.019411
-700683.729286	-0.004501	-0.018517
-703125.135536	-0.002059	-0.018356
-705566.541786	-0.003330	-0.016698
-708007.948036	-0.003441	-0.017087
-710449.354286	-0.003386	-0.014700
-712890.760536	-0.002834	-0.019137
-715332.166786	-0.000822	-0.018192
-717773.573036	0.000459	-0.018388
-720214.979286	-0.002424	-0.016166
-722656.385536	-0.001533	-0.018439
-725097.791786	-0.004801	-0.017737
-727539.198036	-0.003464	-0.015902
-729980.604286	0.000662	-0.018985
-732422.010536	-0.005014	-0.020126
-734863.416786	-0.003602	-0.018472
-737304.823036	-0.003560	-0.018490
-739746.229286	-0.002497	-0.017674
-742187.635536	-0.001061	-0.013863
-744629.041786	-0.004601	-0.012887
-747070.448036	-0.000440	-0.017192
-749511.854286	-0.002179	-0.015945
-751953.260536	-0.003762	-0.014737
-754394.666786	0.001421	-0.010921
-756836.073036	-0.001889	-0.013171
-759277.479286	-0.003721	-0.016943
-761718.885536	-0.003181	-0.016188
-764160.291786	0.000370	-0.012653
-766601.698036	-0.003353	-0.015558
-769043.104286	-0.002950	-0.014291
-771484.510536	-0.001445	-0.014402
-773925.916786	-0.001045	-0.015217
-776367.323036	0.001785	-0.016440
-778808.729286	-0.001674	-0.014510
-781250.135536	0.003037	-0.012996
-783691.541786	0.001782	-0.016145
-786132.948036	0.003645	-0.014646
-788574.354286	-0.000185	-0.016085
-791015.760536	0.001749	-0.015304
-793457.166786	0.000678	-0.013070
-795898.573036	0.005349	-0.015212
-798339.979286	-0.001442	-0.017175
-800781.385536	-0.001730	-0.020105
-803222.791786	-0.004129	-0.012277
-805664.198036	-0.001626	-0.017178
-808105.604286	-0.003243	-0.015403
-810547.010536	0.000130	-0.013009
-812988.416786	-0.001671	-0.013567
-815429.823036	-0.001243	-0.015825
-817871.229286	-0.001122	-0.014515
-820312.635536	-0.000340	-0.015735
-822754.041786	0.002434	-0.014003
-825195.448036	-0.000292	-0.016129
-827636.854286	-0.000351	-0.014259
-830078.260536	-0.000142	-0.012711
-832519.666786	0.000299	-0.014719
-834961.073036	0.000014	-0.014553
-837402.479286	-0.003197	-0.012571
-839843.885536	-0.000417	-0.014769
-842285.291786	-0.002929	-0.016743
-844726.698036	-0.006105	-0.018599
-847168.104286	-0.000394	-0.009510
-849609.510536	-0.001808	-0.011891
-852050.916786	-0.006028	-0.010341
-854492.323036	-0.000741	-0.011403
-856933.729286	0.002921	-0.013262
-859375.135536	0.000549	-0.014258
-861816.541786	-0.001009	-0.012598
-864257.948036	-0.001559	-0.012680
-866699.354286	-0.001956	-0.009350
-869140.760536	0.003853	-0.011819
-871582.166786	-0.003698	-0.011547
-874023.573036	-0.003119	-0.009749
-876464.979286	0.001432	-0.011711
-878906.385536	-0.003781	-0.011670
-881347.791786	-0.004272	-0.013495
-883789.198036	0.004254	-0.019323
-886230.604286	0.000660	-0.013662
-888672.010536	-0.002284	-0.012961
-891113.416786	-0.003193	-0.014154
-893554.823036	-0.001078	-0.015590
-895996.229286	-0.003157	-0.013801
-898437.635536	-0.002821	-0.011694
-900879.041786	-0.004064	-0.013069
-903320.448036	-0.001789	-0.015231
-905761.854286	-0.001110	-0.011745
-908203.260536	-0.000910	-0.011731
-910644.666786	-0.002992	-0.013353
-913086.073036	0.000258	-0.010018
-915527.479286	0.000961	-0.012282
-917968.885536	-0.002283	-0.008732
-920410.291786	-0.000710	-0.013504
-922851.698036	-0.001375	-0.009028
-925293.104286	-0.002272	-0.011008
-927734.510536	0.001988	-0.011952
-930175.916786	-0.001582	-0.012019
-932617.323036	-0.000582	-0.009636
-935058.729286	-0.001529	-0.011943
-937500.135536	0.001401	-0.009859
-939941.541786	0.000438	-0.010419
-942382.948036	0.002094	-0.006636
-944824.354286	0.000732	-0.010068
-947265.760536	-0.001029	-0.006207
-949707.166786	-0.002053	-0.010294
-952148.573036	0.001810	-0.009450
-954589.979286	-0.001444	-0.011909
-957031.385536	-0.001525	-0.010319
-959472.791786	0.001122	-0.009328
-961914.198036	0.000058	-0.013628
-964355.604286	-0.001842	-0.011166
-966797.010536	-0.000178	-0.011000
-969238.416786	-0.000273	-0.010142
-971679.823036	-0.001103	-0.010991
-974121.229286	-0.001233	-0.008203
-976562.635536	0.001559	-0.006700
-979004.041786	-0.001352	-0.011998
-981445.448036	-0.000871	-0.011019
-983886.854286	-0.001733	-0.012074
-986328.260536	-0.000912	-0.011620
-988769.666786	-0.001277	-0.008258
-991211.073036	-0.001660	-0.009237
-993652.479286	0.000819	-0.008411
-996093.885536	0.005662	-0.008091
-998535.291786	-0.002992	-0.012641
-1000976.698036	-0.000164	-0.008749
-1003418.104286	-0.002590	-0.009367
-1005859.510536	0.002186	-0.012983
-1008300.916786	-0.003372	-0.008985
-1010742.323036	0.001533	-0.010041
-1013183.729286	0.002467	-0.010979
-1015625.135536	-0.003088	-0.008207
-1018066.541786	0.000524	-0.013216
-1020507.948036	-0.000034	-0.007684
-1022949.354286	-0.003018	-0.008827
-1025390.760536	-0.002868	-0.011904
-1027832.166786	-0.000738	-0.014638
-1030273.573036	-0.001399	-0.009865
-1032714.979286	-0.005171	-0.010394
-1035156.385536	0.000494	-0.010407
-1037597.791786	-0.001520	-0.009985
-1040039.198036	-0.000212	-0.007858
-1042480.604286	0.000616	-0.010266
-1044922.010536	-0.000331	-0.010294
-1047363.416786	0.003423	-0.009499
-1049804.823036	0.000101	-0.008904
-1052246.229286	-0.000617	-0.008460
-1054687.635536	0.000777	-0.009524
-1057129.041786	0.002563	-0.006822
-1059570.448036	0.000430	-0.010731
-1062011.854286	0.000123	-0.010873
-1064453.260536	0.000020	-0.006359
-1066894.666786	0.000312	-0.006311
-1069336.073036	-0.001080	-0.010399
-1071777.479286	0.000709	-0.007621
-1074218.885536	-0.000575	-0.011156
-1076660.291786	0.001275	-0.006866
-1079101.698036	-0.000126	-0.006852
-1081543.104286	0.000729	-0.006924
-1083984.510536	0.002180	-0.010546
-1086425.916786	-0.002193	-0.010240
-1088867.323036	0.001305	-0.006129
-1091308.729286	-0.000832	-0.011547
-1093750.135536	-0.000122	-0.010960
-1096191.541786	-0.001215	-0.008061
-1098632.948036	-0.000563	-0.011690
-1101074.354286	0.001500	-0.008368
-1103515.760536	0.004497	-0.005925
-1105957.166786	-0.001471	-0.008435
-1108398.573036	0.001288	-0.009755
-1110839.979286	-0.001651	-0.008474
-1113281.385536	-0.000635	-0.006201
-1115722.791786	-0.000172	-0.009377
-1118164.198036	0.000994	-0.007143
-1120605.604286	-0.000623	-0.005874
-1123047.010536	0.000925	-0.006181
-1125488.416786	0.000860	-0.007784
-1127929.823036	0.001892	-0.005077
-1130371.229286	-0.005438	-0.008172
-1132812.635536	-0.001446	-0.007379
-1135254.041786	0.004473	-0.007570
-1137695.448036	0.001124	-0.007166
-1140136.854286	0.002082	-0.009550
-1142578.260536	0.002276	-0.009010
-1145019.666786	-0.002467	-0.010545
-1147461.073036	0.001148	-0.005353
-1149902.479286	0.000113	-0.011373
-1152343.885536	0.000752	-0.010320
-1154785.291786	0.001125	-0.005915
-1157226.698036	0.002462	-0.007736
-1159668.104286	0.000286	-0.009975
-1162109.510536	0.001723	-0.007432
-1164550.916786	0.000784	-0.007506
-1166992.323036	-0.003094	-0.010348
-1169433.729286	-0.000552	-0.011284
-1171875.135536	0.004924	-0.008287
-1174316.541786	-0.000597	-0.011555
-1176757.948036	-0.002532	-0.011177
-1179199.354286	-0.000713	-0.010480
-1181640.760536	-0.003031	-0.009926
-1184082.166786	-0.004247	-0.010024
-1186523.573036	0.001932	-0.006551
-1188964.979286	0.001389	-0.007874
-1191406.385536	0.000870	-0.010208
-1193847.791786	-0.000704	-0.008606
-1196289.198036	-0.002068	-0.013425
-1198730.604286	-0.000256	-0.006027
-1201172.010536	-0.002324	-0.005950
-1203613.416786	-0.000362	-0.007299
-1206054.823036	-0.002183	-0.010505
-1208496.229286	-0.003697	-0.004403
-1210937.635536	-0.000086	-0.003386
-1213379.041786	0.002265	-0.003921
-1215820.448036	0.000941	-0.001595
-1218261.854286	-0.000279	-0.005580
-1220703.260536	-0.001910	-0.003613
-1223144.666786	0.002570	-0.008265
-1225586.073036	-0.000059	-0.007561
-1228027.479286	-0.000075	-0.003427
-1230468.885536	0.004756	-0.003707
-1232910.291786	0.000988	-0.005764
-1235351.698036	-0.000825	-0.002366
-1237793.104286	0.001045	-0.003206
-1240234.510536	0.001513	-0.006737
-1242675.916786	0.002571	-0.006199
-1245117.323036	0.000903	-0.005239
-1247558.729286	0.004413	-0.004190
-1250000.135536	0.002944	-0.007334
-1252441.541786	0.001487	-0.006152
-1254882.948036	0.004801	-0.005560
-1257324.354286	0.001831	-0.005154
-1259765.760536	0.001715	-0.005523
-1262207.166786	0.001625	-0.003454
-1264648.573036	0.004861	-0.009246
-1267089.979286	0.002253	-0.006056
-1269531.385536	0.002636	-0.009234
-1271972.791786	-0.001784	-0.006412
-1274414.198036	0.000041	-0.008884
-1276855.604286	0.001636	-0.005036
-1279297.010536	0.000214	-0.009239
-1281738.416786	0.002538	-0.006787
-1284179.823036	0.003887	-0.008780
-1286621.229286	-0.000376	-0.006327
-1289062.635536	0.002412	-0.005789
-1291504.041786	0.004516	-0.008565
-1293945.448036	0.002973	-0.004926
-1296386.854286	-0.002400	-0.007739
-1298828.260536	0.001760	-0.004660
-1301269.666786	0.001025	-0.008106
-1303711.073036	0.001996	-0.006682
-1306152.479286	0.001319	-0.007587
-1308593.885536	0.001920	-0.009957
-1311035.291786	0.002807	-0.007992
-1313476.698036	0.002872	-0.009323
-1315918.104286	0.000959	-0.006478
-1318359.510536	-0.000834	-0.009545
-1320800.916786	-0.001589	-0.003469
-1323242.323036	-0.001982	-0.003918
-1325683.729286	-0.002475	-0.004690
-1328125.135536	0.000459	-0.005300
-1330566.541786	0.001881	-0.008997
-1333007.948036	-0.001609	-0.003478
-1335449.354286	0.001169	-0.003503
-1337890.760536	0.001655	-0.005063
-1340332.166786	-0.000184	-0.006019
-1342773.573036	0.000904	-0.006874
-1345214.979286	0.000278	-0.001374
-1347656.385536	-0.000528	-0.004058
-1350097.791786	0.002567	-0.009838
-1352539.198036	0.002073	-0.005331
-1354980.604286	0.001390	-0.004787
-1357422.010536	-0.001119	-0.004336
-1359863.416786	0.002261	-0.005819
-1362304.823036	0.006522	-0.003720
-1364746.229286	0.003143	-0.009488
-1367187.635536	-0.001829	-0.006038
-1369629.041786	-0.001305	-0.002170
-1372070.448036	0.002026	-0.005680
-1374511.854286	0.001231	-0.004178
-1376953.260536	0.000173	-0.002473
-1379394.666786	0.000621	-0.005992
-1381836.073036	-0.000420	-0.005662
-1384277.479286	0.001439	-0.003913
-1386718.885536	0.001980	-0.006550
-1389160.291786	0.002321	-0.002965
-1391601.698036	0.003823	-0.007848
-1394043.104286	0.003181	-0.004402
-1396484.510536	0.006766	-0.004074
-1398925.916786	0.003220	-0.000683
-1401367.323036	0.003125	-0.004496
-1403808.729286	0.004364	-0.002891
-1406250.135536	0.002498	-0.005603
-1408691.541786	-0.000767	-0.007149
-1411132.948036	0.001028	-0.003451
-1413574.354286	0.003518	-0.001796
-1416015.760536	-0.000280	-0.004006
-1418457.166786	0.001661	-0.004744
-1420898.573036	0.000569	-0.005244
-1423339.979286	0.000892	-0.006872
-1425781.385536	0.002672	-0.001518
-1428222.791786	0.000526	-0.001628
-1430664.198036	0.003078	-0.005219
-1433105.604286	0.003913	-0.004186
-1435547.010536	0.003455	-0.006586
-1437988.416786	0.000989	-0.004929
-1440429.823036	-0.000980	-0.005611
-1442871.229286	0.002797	-0.004450
-1445312.635536	0.000976	-0.008596
-1447754.041786	0.002121	-0.006490
-1450195.448036	0.000880	-0.006611
-1452636.854286	0.002791	-0.005291
-1455078.260536	0.001952	-0.007134
-1457519.666786	0.002593	-0.005922
-1459961.073036	0.002100	-0.008013
-1462402.479286	0.002749	-0.005357
-1464843.885536	0.000856	-0.006031
-1467285.291786	0.003035	-0.006555
-1469726.698036	0.002471	-0.006168
-1472168.104286	0.001090	-0.007328
-1474609.510536	0.001844	-0.005140
-1477050.916786	0.001142	-0.006418
-1479492.323036	0.002548	-0.006103
-1481933.729286	0.000494	-0.005182
-1484375.135536	0.003074	-0.007261
-1486816.541786	0.003789	-0.005517
-1489257.948036	0.000034	-0.004474
-1491699.354286	0.001187	-0.005059
-1494140.760536	0.001702	-0.004979
-1496582.166786	0.003293	-0.005187
-1499023.573036	0.001935	-0.007448
-1501464.979286	0.005520	-0.006007
-1503906.385536	0.005722	-0.007174
-1506347.791786	0.003196	-0.008337
-1508789.198036	0.002210	-0.003713
-1511230.604286	0.002534	-0.004873
-1513672.010536	0.005365	-0.004361
-1516113.416786	0.001641	-0.004802
-1518554.823036	0.003742	-0.005374
-1520996.229286	0.004181	-0.005020
-1523437.635536	0.002492	-0.005642
-1525879.041786	0.000960	-0.007279
-1528320.448036	0.001636	-0.002855
-1530761.854286	0.001536	-0.010106
-1533203.260536	0.001770	-0.005095
-1535644.666786	0.003150	-0.005685
-1538086.073036	0.002186	-0.004896
-1540527.479286	0.002263	-0.007531
-1542968.885536	-0.002135	-0.005593
-1545410.291786	0.001270	-0.004630
-1547851.698036	0.001987	-0.006351
-1550293.104286	0.001564	-0.007615
-1552734.510536	0.000734	-0.002763
-1555175.916786	0.001109	-0.004756
-1557617.323036	0.003758	-0.002729
-1560058.729286	0.000877	-0.003356
-1562500.135536	0.003979	-0.005267
-1564941.541786	0.001990	-0.002568
-1567382.948036	0.000598	-0.006680
-1569824.354286	0.002175	-0.004394
-1572265.760536	0.002355	-0.003139
-1574707.166786	0.002587	-0.006759
-1577148.573036	0.002100	-0.005719
-1579589.979286	0.002720	-0.004432
-1582031.385536	0.001615	-0.008676
-1584472.791786	0.001126	-0.006845
-1586914.198036	0.005524	-0.007358
-1589355.604286	0.000339	-0.008499
-1591797.010536	0.004434	-0.006357
-1594238.416786	-0.002108	-0.009467
-1596679.823036	0.001532	-0.009665
-1599121.229286	0.003027	-0.003286
-1601562.635536	-0.002135	-0.010090
-1604004.041786	0.001068	-0.007925
-1606445.448036	-0.000104	-0.009715
-1608886.854286	-0.001992	-0.006107
-1611328.260536	-0.001068	-0.006045
-1613769.666786	-0.000911	-0.007879
-1616211.073036	0.000691	-0.005203
-1618652.479286	0.001074	-0.007716
-1621093.885536	0.001000	-0.005377
-1623535.291786	-0.000045	-0.005368
-1625976.698036	0.001659	-0.008664
-1628418.104286	0.000757	-0.006755
-1630859.510536	0.000105	-0.003145
-1633300.916786	0.000151	-0.005060
-1635742.323036	0.000636	-0.004814
-1638183.729286	0.002546	-0.003979
-1640625.135536	0.001638	-0.008467
-1643066.541786	0.003144	-0.003327
-1645507.948036	-0.001305	-0.006536
-1647949.354286	-0.000801	-0.003505
-1650390.760536	0.002642	-0.004311
-1652832.166786	-0.000998	-0.006058
-1655273.573036	0.002554	-0.002478
-1657714.979286	0.002432	-0.002452
-1660156.385536	0.001428	-0.006010
-1662597.791786	0.000611	-0.003500
-1665039.198036	-0.001675	-0.003805
-1667480.604286	0.002159	-0.008685
-1669922.010536	0.000175	-0.006422
-1672363.416786	0.000732	-0.004170
-1674804.823036	-0.000466	-0.005634
-1677246.229286	-0.000584	-0.004956
-1679687.635536	0.001195	-0.006174
-1682129.041786	-0.002264	-0.006972
-1684570.448036	0.001976	-0.002968
-1687011.854286	0.000210	-0.005457
-1689453.260536	-0.000757	-0.003694
-1691894.666786	-0.002924	-0.005988
-1694336.073036	-0.001298	-0.003074
-1696777.479286	-0.002518	-0.003743
-1699218.885536	0.001818	-0.003774
-1701660.291786	-0.003088	-0.003579
-1704101.698036	0.000338	-0.004803
-1706543.104286	0.000761	-0.005421
-1708984.510536	0.002983	-0.003207
-1711425.916786	0.000267	-0.004908
-1713867.323036	0.000628	-0.004457
-1716308.729286	0.000647	-0.005084
-1718750.135536	0.000222	-0.003572
-1721191.541786	0.000782	-0.004373
-1723632.948036	-0.001797	-0.007393
-1726074.354286	-0.002055	-0.001400
-1728515.760536	0.000808	-0.006741
-1730957.166786	-0.002123	-0.004051
-1733398.573036	0.002010	-0.004042
-1735839.979286	-0.001240	-0.005573
-1738281.385536	-0.000124	-0.003186
-1740722.791786	0.003796	-0.004553
-1743164.198036	-0.000625	-0.003823
-1745605.604286	0.000019	-0.004281
-1748047.010536	0.002772	0.000983
-1750488.416786	0.002727	-0.004689
-1752929.823036	-0.000767	-0.005907
-1755371.229286	-0.002134	-0.003641
-1757812.635536	0.001032	-0.004472
-1760254.041786	-0.001488	-0.005729
-1762695.448036	0.002314	-0.002535
-1765136.854286	0.002436	-0.001561
-1767578.260536	0.001804	0.001223
-1770019.666786	0.004172	-0.005445
-1772461.073036	0.003304	-0.009481
-1774902.479286	0.003308	-0.004101
-1777343.885536	0.001130	-0.005542
-1779785.291786	-0.000372	-0.001865
-1782226.698036	0.000546	-0.005767
-1784668.104286	-0.000471	-0.004658
-1787109.510536	0.003096	-0.005833
-1789550.916786	0.004160	-0.003194
-1791992.323036	-0.000770	-0.004058
-1794433.729286	0.000364	-0.001477
-1796875.135536	0.002235	-0.000097
-1799316.541786	0.001348	-0.003821
-1801757.948036	-0.000075	-0.003759
-1804199.354286	0.001553	-0.004545
-1806640.760536	0.001894	-0.003217
-1809082.166786	0.001009	-0.003165
-1811523.573036	0.002999	-0.004602
-1813964.979286	0.000637	-0.004828
-1816406.385536	0.001877	-0.002599
-1818847.791786	-0.000467	-0.004986
-1821289.198036	0.002909	-0.003243
-1823730.604286	0.000880	-0.001397
-1826172.010536	0.003600	-0.002665
-1828613.416786	-0.000949	-0.003755
-1831054.823036	0.000443	-0.003577
-1833496.229286	0.001684	-0.002186
-1835937.635536	0.001777	-0.003659
-1838379.041786	0.001904	-0.002507
-1840820.448036	0.001032	-0.003709
-1843261.854286	0.000282	-0.004890
-1845703.260536	0.001753	-0.003612
-1848144.666786	0.004373	-0.003542
-1850586.073036	0.004988	-0.005032
-1853027.479286	0.002564	-0.002312
-1855468.885536	0.002111	-0.004648
-1857910.291786	-0.004019	-0.000642
-1860351.698036	0.000666	-0.002255
-1862793.104286	0.001781	-0.003913
-1865234.510536	0.002632	-0.004157
-1867675.916786	0.003186	-0.003264
-1870117.323036	0.000904	-0.004410
-1872558.729286	0.001519	-0.005208
-1875000.135536	0.002719	-0.001957
-1877441.541786	-0.000723	-0.003453
-1879882.948036	0.002531	-0.006895
-1882324.354286	0.001281	-0.004396
-1884765.760536	0.003489	-0.000582
-1887207.166786	-0.000897	-0.001554
-1889648.573036	0.002386	-0.001581
-1892089.979286	0.000170	-0.004277
-1894531.385536	0.000102	0.001652
-1896972.791786	0.000490	-0.002668
-1899414.198036	0.001843	-0.001320
-1901855.604286	-0.000361	-0.003336
-1904297.010536	0.001689	-0.004946
-1906738.416786	0.003378	-0.004544
-1909179.823036	0.002267	-0.003604
-1911621.229286	0.002977	-0.004227
-1914062.635536	0.003973	-0.002681
-1916504.041786	0.001927	-0.006649
-1918945.448036	-0.001340	-0.002630
-1921386.854286	0.001846	-0.005057
-1923828.260536	0.001085	-0.006384
-1926269.666786	0.000919	-0.002620
-1928711.073036	0.001482	-0.005730
-1931152.479286	0.004674	-0.005433
-1933593.885536	0.002845	-0.004588
-1936035.291786	-0.001525	-0.002726
-1938476.698036	0.001379	-0.003011
-1940918.104286	0.000997	-0.006638
-1943359.510536	0.000177	-0.003855
-1945800.916786	-0.001087	-0.004404
-1948242.323036	-0.000334	-0.002093
-1950683.729286	0.000582	-0.004142
-1953125.135536	0.001599	-0.002947
-1955566.541786	0.001622	-0.004274
-1958007.948036	0.000541	-0.001029
-1960449.354286	0.000937	-0.004230
-1962890.760536	0.002448	-0.000324
-1965332.166786	0.002153	-0.002423
-1967773.573036	0.001443	-0.003512
-1970214.979286	0.002542	-0.006613
-1972656.385536	0.000770	-0.002299
-1975097.791786	-0.001612	-0.000631
-1977539.198036	-0.001056	-0.001323
-1979980.604286	0.002045	-0.004752
-1982422.010536	0.001195	-0.004183
-1984863.416786	0.000603	-0.002280
-1987304.823036	0.001081	-0.001171
-1989746.229286	0.003484	-0.002364
-1992187.635536	-0.001662	-0.004583
-1994629.041786	0.001273	0.000805
-1997070.448036	-0.002529	-0.003588
-1999511.854286	0.002574	-0.005018
-2001953.260536	0.000865	-0.005344
-2004394.666786	0.002932	-0.005161
-2006836.073036	-0.002347	-0.000945
-2009277.479286	-0.000995	-0.004181
-2011718.885536	0.002350	-0.001030
-2014160.291786	0.001870	-0.003434
-2016601.698036	-0.000441	-0.002943
-2019043.104286	0.000177	-0.003755
-2021484.510536	-0.000909	-0.005773
-2023925.916786	0.001740	-0.003726
-2026367.323036	0.000672	-0.001464
-2028808.729286	0.002011	-0.002106
-2031250.135536	-0.002276	-0.003984
-2033691.541786	0.001998	-0.004094
-2036132.948036	0.003253	-0.003787
-2038574.354286	0.001228	-0.004042
-2041015.760536	-0.001160	-0.005313
-2043457.166786	-0.001346	-0.002959
-2045898.573036	0.001297	-0.004688
-2048339.979286	-0.002656	-0.005560
-2050781.385536	0.000857	-0.004551
-2053222.791786	0.001834	-0.001817
-2055664.198036	0.001819	-0.001462
-2058105.604286	0.002790	-0.002792
-2060547.010536	0.000373	-0.001102
-2062988.416786	0.000752	-0.003167
-2065429.823036	0.001795	-0.002655
-2067871.229286	0.003350	0.001803
-2070312.635536	-0.001064	-0.009591
-2072754.041786	-0.000774	-0.003980
-2075195.448036	-0.001866	-0.004954
-2077636.854286	0.000449	-0.002863
-2080078.260536	0.000731	-0.003615
-2082519.666786	0.000436	-0.003382
-2084961.073036	-0.000571	-0.002888
-2087402.479286	-0.001337	-0.000989
-2089843.885536	-0.003019	-0.002453
-2092285.291786	-0.001019	-0.002653
-2094726.698036	-0.000621	-0.001416
-2097168.104286	0.000587	-0.002196
-2099609.510536	0.001677	-0.002724
-2102050.916786	0.003083	-0.002019
-2104492.323036	0.001196	-0.002651
-2106933.729286	-0.000352	-0.004539
-2109375.135536	0.000749	-0.002277
-2111816.541786	0.000208	-0.001326
-2114257.948036	-0.000294	-0.001978
-2116699.354286	-0.000574	-0.001968
-2119140.760536	-0.003567	-0.002867
-2121582.166786	0.000494	-0.001460
-2124023.573036	-0.001710	-0.001357
-2126464.979286	-0.000077	-0.003373
-2128906.385536	0.000146	-0.004526
-2131347.791786	-0.002316	-0.004162
-2133789.198036	0.000646	-0.002963
-2136230.604286	-0.000447	-0.001063
-2138672.010536	-0.000004	-0.003172
-2141113.416786	0.000635	-0.002448
-2143554.823036	-0.000156	-0.005856
-2145996.229286	0.001790	-0.002151
-2148437.635536	0.001414	-0.002147
-2150879.041786	0.001662	-0.001900
-2153320.448036	0.000730	-0.001539
-2155761.854286	0.001226	-0.003279
-2158203.260536	0.003291	-0.002639
-2160644.666786	0.001077	-0.002879
-2163086.073036	0.001853	-0.002940
-2165527.479286	-0.000559	-0.000956
-2167968.885536	-0.001009	-0.001967
-2170410.291786	0.001524	0.001675
-2172851.698036	-0.000169	-0.001253
-2175293.104286	0.000859	-0.001922
-2177734.510536	0.001519	-0.002299
-2180175.916786	-0.000147	-0.002070
-2182617.323036	-0.000576	-0.003653
-2185058.729286	0.002237	-0.002467
-2187500.135536	-0.000620	-0.000395
-2189941.541786	0.000464	-0.003305
-2192382.948036	-0.002079	-0.003355
-2194824.354286	-0.002348	-0.001838
-2197265.760536	0.003242	-0.002353
-2199707.166786	0.000371	-0.000766
-2202148.573036	-0.000183	-0.004650
-2204589.979286	-0.000391	-0.003274
-2207031.385536	-0.001541	-0.001749
-2209472.791786	0.000469	0.000252
-2211914.198036	-0.002760	-0.003568
-2214355.604286	-0.000506	-0.001713
-2216797.010536	-0.002908	-0.003352
-2219238.416786	-0.000289	-0.004577
-2221679.823036	-0.002110	-0.003199
-2224121.229286	-0.000324	-0.001295
-2226562.635536	0.002482	-0.002795
-2229004.041786	0.000172	-0.000617
-2231445.448036	-0.002506	-0.001206
-2233886.854286	0.001554	-0.002612
-2236328.260536	0.003848	-0.000756
-2238769.666786	-0.002303	-0.001314
-2241211.073036	0.001063	-0.001193
-2243652.479286	-0.001723	-0.003304
-2246093.885536	-0.003321	-0.002992
-2248535.291786	0.000980	-0.002022
-2250976.698036	-0.002677	-0.001497
-2253418.104286	-0.004847	-0.004352
-2255859.510536	-0.004769	-0.001351
-2258300.916786	-0.002429	-0.000195
-2260742.323036	-0.001609	-0.000852
-2263183.729286	-0.002000	-0.000641
-2265625.135536	-0.000391	-0.003395
-2268066.541786	-0.004332	-0.002832
-2270507.948036	0.000031	-0.000125
-2272949.354286	-0.001655	-0.001109
-2275390.760536	-0.002569	0.000498
-2277832.166786	0.001352	-0.001023
-2280273.573036	-0.001866	-0.001672
-2282714.979286	0.000757	0.002542
-2285156.385536	-0.002471	-0.000515
-2287597.791786	0.000569	-0.000278
-2290039.198036	-0.001658	-0.000325
-2292480.604286	-0.002318	-0.001402
-2294922.010536	0.001511	-0.001430
-2297363.416786	0.001242	0.000436
-2299804.823036	-0.000204	0.000362
-2302246.229286	-0.001415	0.000996
-2304687.635536	-0.000938	0.000692
-2307129.041786	0.001868	-0.000715
-2309570.448036	0.003087	-0.000366
-2312011.854286	0.000319	-0.001996
-2314453.260536	0.001297	-0.002163
-2316894.666786	0.001377	-0.001867
-2319336.073036	-0.000765	-0.003969
-2321777.479286	0.004633	-0.004255
-2324218.885536	-0.000904	0.000469
-2326660.291786	-0.000753	-0.000010
-2329101.698036	0.000675	-0.001203
-2331543.104286	-0.000858	-0.000614
-2333984.510536	0.000851	-0.004367
-2336425.916786	-0.000503	-0.000904
-2338867.323036	-0.001264	-0.001421
-2341308.729286	-0.002858	-0.002145
-2343750.135536	-0.000589	0.000644
-2346191.541786	0.000089	-0.000824
-2348632.948036	0.000455	0.001095
-2351074.354286	-0.000148	-0.001790
-2353515.760536	-0.001910	-0.004577
-2355957.166786	0.000186	0.000609
-2358398.573036	-0.004611	0.000348
-2360839.979286	0.002001	0.001066
-2363281.385536	0.001879	-0.003799
-2365722.791786	0.002798	0.000934
-2368164.198036	0.000960	-0.002286
-2370605.604286	0.001322	-0.001990
-2373047.010536	0.001393	0.000724
-2375488.416786	-0.000166	-0.002212
-2377929.823036	0.000397	-0.001624
-2380371.229286	-0.000478	-0.003194
-2382812.635536	-0.001932	0.000311
-2385254.041786	-0.002558	0.000296
-2387695.448036	-0.001028	-0.000018
-2390136.854286	0.001321	-0.000966
-2392578.260536	0.000466	-0.000496
-2395019.666786	-0.001348	-0.001472
-2397461.073036	-0.000274	0.000346
-2399902.479286	0.000977	0.000083
-2402343.885536	-0.001354	0.002107
-2404785.291786	-0.001090	0.001029
-2407226.698036	-0.000426	0.003191
-2409668.104286	0.000421	-0.001019
-2412109.510536	0.003627	0.000171
-2414550.916786	-0.000593	-0.000148
-2416992.323036	-0.001405	-0.002519
-2419433.729286	0.001135	-0.002536
-2421875.135536	0.000978	0.003471
-2424316.541786	-0.000381	0.002660
-2426757.948036	0.000936	0.001587
-2429199.354286	0.000352	0.001395
-2431640.760536	-0.000243	0.000904
-2434082.166786	0.000063	-0.000427
-2436523.573036	-0.003244	-0.000119
-2438964.979286	0.002088	0.000525
-2441406.385536	-0.001290	0.001360
-2443847.791786	0.001299	-0.001834
-2446289.198036	0.000603	0.000243
-2448730.604286	0.000027	0.000603
-2451172.010536	0.000281	0.002317
-2453613.416786	0.001816	0.000136
-2456054.823036	0.000033	0.000894
-2458496.229286	-0.000567	-0.000874
-2460937.635536	0.001954	0.004885
-2463379.041786	-0.000204	0.002845
-2465820.448036	0.003120	0.001105
-2468261.854286	-0.003217	0.001286
-2470703.260536	-0.000555	0.002628
-2473144.666786	-0.000733	0.002219
-2475586.073036	-0.000864	0.002375
-2478027.479286	-0.000863	0.003524
-2480468.885536	-0.000755	-0.000858
-2482910.291786	0.001347	0.001252
-2485351.698036	-0.000826	-0.001152
-2487793.104286	0.001428	0.001854
-2490234.510536	0.000131	0.001316
-2492675.916786	0.000992	-0.001474
-2495117.323036	0.000666	0.001379
-2497558.729286	-0.001769	-0.000101
