# sample	expno	ns	int		R
# otp	14	32	781.749525	0.985790
249999.990945	-0.002394	-0.052598
249755.850320	-0.028219	-0.020648
249511.709695	-0.040397	-0.001102
249267.569070	-0.025898	0.003772
249023.428445	-0.026148	-0.019685
248779.287820	-0.050448	0.015568
248535.147195	0.007254	0.007591
248291.006570	0.038062	-0.014284
248046.865945	0.024244	-0.032137
247802.725320	0.009098	0.007303
247558.584695	-0.041014	0.006067
247314.444070	0.008396	-0.006718
247070.303445	-0.009062	-0.016814
246826.162820	0.003600	0.009615
246582.022195	-0.030161	0.028339
246337.881570	0.040848	0.002429
246093.740945	0.016189	-0.042854
245849.600320	-0.016341	-0.013177
245605.459695	-0.016968	-0.006474
245361.319070	-0.036700	-0.009238
245117.178445	0.007170	0.004676
244873.037820	-0.006812	-0.009306
244628.897195	0.010713	-0.048186
244384.756570	0.074811	0.003717
244140.615945	0.010497	-0.039795
243896.475320	0.032663	-0.002597
243652.334695	0.014896	-0.015162
243408.194070	-0.047232	-0.008996
243164.053445	-0.000308	-0.010776
242919.912820	0.024013	0.011745
242675.772195	-0.006346	-0.007289
242431.631570	0.004704	0.004710
242187.490945	0.009541	-0.000152
241943.350320	0.042686	-0.043955
241699.209695	-0.015528	0.041001
241455.069070	-0.001169	-0.026413
241210.928445	-0.010955	-0.021181
240966.787820	0.033845	0.039971
240722.647195	0.004347	-0.004502
240478.506570	0.003384	0.008265
240234.365945	0.028902	-0.003010
239990.225320	0.022114	-0.006435
239746.084695	-0.029941	0.007232
239501.944070	-0.019824	0.009805
239257.803445	0.036745	-0.000695
239013.662820	-0.025598	0.005416
238769.522195	0.000933	-0.023348
238525.381570	0.021471	0.011543
238281.240945	-0.044166	-0.019934
238037.100320	-0.028955	-0.020971
237792.959695	-0.000768	0.056315
237548.819070	0.007244	0.015811
237304.678445	0.019024	-0.001597
237060.537820	-0.037482	0.006782
236816.397195	-0.014672	0.022540
236572.256570	0.020428	0.003009
236328.115945	0.009447	-0.013780
236083.975320	0.014150	-0.034344
235839.834695	-0.005736	0.021813
235595.694070	-0.035894	0.030580
235351.553445	0.017480	-0.000689
235107.412820	-0.025607	-0.034670
234863.272195	0.022900	-0.004318
234619.131570	-0.041514	-0.003099
234374.990945	0.006132	-0.021989
234130.850320	-0.009071	-0.002551
233886.709695	0.000531	0.026491
233642.569070	-0.007761	-0.021737
233398.428445	0.001455	-0.006358
233154.287820	-0.039959	0.010024
232910.147195	-0.007958	0.020241
232666.006570	-0.009353	0.001228
232421.865945	0.024954	0.004419
232177.725320	0.007975	0.010354
231933.584695	-0.056340	0.024422
231689.444070	-0.011665	-0.008965
231445.303445	-0.028635	0.005488
231201.162820	-0.032358	0.054020
230957.022195	-0.040011	0.005031
230712.881570	0.003712	-0.001506
230468.740945	-0.027218	0.023264
230224.600320	0.004666	-0.017625
229980.459695	-0.037006	0.020485
229736.319070	0.009506	-0.025089
229492.178445	0.007934	-0.042274
229248.037820	0.015048	-0.037673
229003.897195	-0.025247	-0.013202
228759.756570	-0.017257	-0.056011
228515.615945	-0.048443	0.026610
228271.475320	-0.002124	-0.047596
228027.334695	0.036690	-0.012749
227783.194070	0.023341	0.024693
227539.053445	0.006728	-0.034857
227294.912820	-0.007302	-0.004395
227050.772195	-0.052217	-0.006241
226806.631570	-0.027147	0.020838
226562.490945	-0.019710	0.007491
226318.350320	-0.016824	-0.007234
226074.209695	-0.020286	0.002384
225830.069070	-0.015968	0.028118
225585.928445	0.020253	-0.008821
225341.787820	0.016232	-0.035865
225097.647195	0.004733	0.005897
224853.506570	-0.003692	0.019124
224609.365945	0.018165	0.013146
224365.225320	-0.023649	-0.007587
224121.084695	0.013250	0.044768
223876.944070	0.018342	-0.049246
223632.803445	-0.026491	0.053164
223388.662820	-0.020536	-0.019931
223144.522195	-0.002166	0.047925
222900.381570	0.011763	0.026068
222656.240945	-0.037588	-0.030056
222412.100320	0.032311	-0.024755
222167.959695	-0.013263	-0.003722
221923.819070	-0.002959	-0.013366
221679.678445	-0.028116	0.006156
221435.537820	-0.003432	-0.007958
221191.397195	0.008383	0.022570
220947.256570	-0.019856	0.007655
220703.115945	-0.012007	0.024604
220458.975320	0.031906	-0.007996
220214.834695	-0.005946	0.005339
219970.694070	0.026669	-0.004092
219726.553445	0.012497	0.048073
219482.412820	-0.025884	0.011573
219238.272195	0.044739	0.007941
218994.131570	-0.033901	0.024530
218749.990945	-0.029394	0.004470
218505.850320	-0.041080	0.000314
218261.709695	0.035620	-0.000280
218017.569070	0.004136	0.022657
217773.428445	0.013204	-0.010806
217529.287820	0.035842	0.022794
217285.147195	-0.007483	0.052664
217041.006570	0.001658	-0.026539
216796.865945	-0.037961	0.022467
216552.725320	0.043430	0.003367
216308.584695	0.052860	-0.037756
216064.444070	0.021447	0.032628
215820.303445	-0.025896	0.010539
215576.162820	0.005537	-0.012713
215332.022195	-0.004046	0.013547
215087.881570	0.030106	-0.012550
214843.740945	0.016405	0.017870
214599.600320	-0.029644	0.028499
214355.459695	-0.020239	0.024556
214111.319070	-0.004655	0.049140
213867.178445	-0.034811	-0.022353
213623.037820	0.089134	-0.011740
213378.897195	-0.015411	-0.045295
213134.756570	-0.040514	-0.010993
212890.615945	0.004974	-0.022476
212646.475320	-0.022746	-0.000234
212402.334695	-0.003644	-0.015271
212158.194070	-0.004428	0.015815
211914.053445	-0.018603	0.017367
211669.912820	-0.006440	-0.012240
211425.772195	-0.020988	-0.019944
211181.631570	-0.013418	0.005791
210937.490945	-0.015841	0.005073
210693.350320	0.000894	0.034119
210449.209695	-0.005992	0.007451
210205.069070	0.030260	0.009895
209960.928445	0.018722	0.004791
209716.787820	0.009749	0.027199
209472.647195	-0.024981	-0.018491
209228.506570	0.003229	-0.026009
208984.365945	0.009323	-0.030947
208740.225320	0.001448	-0.003631
208496.084695	0.010827	0.018534
208251.944070	-0.017334	-0.000395
208007.803445	0.045369	-0.017949
207763.662820	0.002132	0.058498
207519.522195	0.034403	0.000400
207275.381570	0.027456	-0.003393
207031.240945	0.001776	-0.002543
206787.100320	0.053723	0.001370
206542.959695	-0.003934	-0.036976
206298.819070	-0.001103	0.013349
206054.678445	-0.007271	0.017459
205810.537820	-0.011786	0.038660
205566.397195	-0.020284	-0.023067
205322.256570	-0.023516	-0.043823
205078.115945	-0.024201	-0.012173
204833.975320	0.031898	-0.003646
204589.834695	-0.046912	0.000241
204345.694070	-0.052035	0.018451
204101.553445	0.011045	0.004457
203857.412820	0.021050	-0.014300
203613.272195	0.015945	0.043909
203369.131570	0.040074	0.032565
203124.990945	-0.028130	0.002049
202880.850320	-0.018030	-0.009486
202636.709695	0.025102	0.043479
202392.569070	-0.044217	-0.033344
202148.428445	0.015317	0.022298
201904.287820	-0.002476	0.049713
201660.147195	0.000363	-0.020634
201416.006570	-0.022194	0.029894
201171.865945	-0.014877	-0.018968
200927.725320	-0.013429	0.014045
200683.584695	-0.008322	-0.022060
200439.444070	0.018877	-0.005782
200195.303445	0.008994	0.028939
199951.162820	0.000982	0.016220
199707.022195	-0.012962	0.053241
199462.881570	-0.001018	0.001052
199218.740945	0.012402	0.036171
198974.600320	-0.002656	-0.014063
198730.459695	-0.019979	0.061345
198486.319070	0.023568	-0.058186
198242.178445	-0.000804	0.036389
197998.037820	-0.004589	-0.019716
197753.897195	-0.052090	0.033770
197509.756570	0.010215	0.052272
197265.615945	-0.110914	-0.063496
197021.475320	0.026035	0.033415
196777.334695	-0.211344	0.069976
196533.194070	0.085235	-0.078443
196289.053445	0.019835	0.028346
196044.912820	0.031531	-0.016889
195800.772195	0.014396	-0.017861
195556.631570	-0.044112	-0.024846
195312.490945	0.006788	-0.045785
195068.350320	-0.009175	0.007572
194824.209695	0.005171	0.015521
194580.069070	-0.030038	0.004536
194335.928445	-0.036469	-0.004178
194091.787820	0.027669	0.009828
193847.647195	-0.023210	-0.011488
193603.506570	-0.035383	0.016252
193359.365945	-0.033099	0.020767
193115.225320	-0.000859	0.021287
192871.084695	-0.012228	-0.004679
192626.944070	-0.010113	0.003922
192382.803445	-0.011791	-0.022859
192138.662820	0.010181	0.021451
191894.522195	-0.005566	0.038310
191650.381570	0.001169	0.008339
191406.240945	-0.052914	-0.003625
191162.100320	-0.003562	-0.007631
190917.959695	-0.060803	-0.003475
190673.819070	-0.003873	-0.000347
190429.678445	-0.002091	0.008206
190185.537820	-0.052093	0.036796
189941.397195	-0.011577	0.072796
189697.256570	0.029573	0.007121
189453.115945	0.000210	0.060713
189208.975320	-0.016459	0.030829
188964.834695	-0.019837	0.021485
188720.694070	0.017431	0.026979
188476.553445	-0.006666	0.013934
188232.412820	-0.003056	-0.013456
187988.272195	0.003353	0.039709
187744.131570	-0.005655	0.035959
187499.990945	-0.027894	0.025286
187255.850320	0.000314	0.017105
187011.709695	0.025386	-0.005999
186767.569070	-0.059433	0.024881
186523.428445	-0.027198	0.000409
186279.287820	-0.041155	0.000786
186035.147195	0.004975	0.011933
185791.006570	-0.058158	0.038820
185546.865945	-0.023198	0.042341
185302.725320	-0.026611	0.002827
185058.584695	0.010831	0.039363
184814.444070	-0.007737	0.021248
184570.303445	0.008777	-0.001525
184326.162820	-0.007177	0.019512
184082.022195	-0.022025	-0.041827
183837.881570	-0.033306	-0.019190
183593.740945	0.002061	-0.003044
183349.600320	-0.000351	0.027742
183105.459695	-0.002564	0.048253
182861.319070	-0.031784	-0.047971
182617.178445	0.020663	0.023216
182373.037820	0.004049	0.027051
182128.897195	0.008769	0.038075
181884.756570	0.006102	-0.004066
181640.615945	-0.008736	0.022622
181396.475320	-0.032536	-0.027655
181152.334695	0.013344	0.006239
180908.194070	0.010721	0.000765
180664.053445	-0.037473	0.005484
180419.912820	0.037359	0.066086
180175.772195	0.019207	-0.029834
179931.631570	-0.017903	0.007212
179687.490945	-0.030313	0.026953
179443.350320	-0.003784	0.027367
179199.209695	-0.014989	0.047546
178955.069070	-0.018426	0.018846
178710.928445	-0.037898	0.006617
178466.787820	-0.000244	0.036571
178222.647195	0.025636	0.005954
177978.506570	0.003567	0.006173
177734.365945	0.022851	0.017954
177490.225320	-0.014959	0.051860
177246.084695	-0.011621	0.002286
177001.944070	-0.025230	0.022385
176757.803445	-0.030378	-0.002284
176513.662820	-0.063642	0.030289
176269.522195	-0.004994	-0.012836
176025.381570	0.000509	0.047519
175781.240945	-0.006862	-0.012096
175537.100320	-0.014169	0.022960
175292.959695	-0.008540	0.017784
175048.819070	-0.005486	-0.021523
174804.678445	0.054411	0.005110
174560.537820	0.042041	-0.005973
174316.397195	0.006342	0.037624
174072.256570	-0.008097	0.020747
173828.115945	-0.011937	0.001031
173583.975320	-0.033776	0.008498
173339.834695	-0.019904	0.060927
173095.694070	-0.018301	-0.002485
172851.553445	-0.024938	0.020660
172607.412820	0.012036	0.065175
172363.272195	-0.033181	0.010212
172119.131570	-0.001381	0.000146
171874.990945	0.030873	0.028731
171630.850320	-0.002214	0.019757
171386.709695	0.019408	0.030702
171142.569070	-0.020052	0.026107
170898.428445	0.009359	0.042090
170654.287820	-0.028664	0.014818
170410.147195	-0.020542	-0.015561
170166.006570	-0.004109	0.070686
169921.865945	-0.024230	0.045624
169677.725320	0.002113	0.011893
169433.584695	-0.046044	0.013049
169189.444070	-0.019692	0.030569
168945.303445	-0.009775	-0.009108
168701.162820	-0.022570	0.038006
168457.022195	0.030130	-0.002423
168212.881570	-0.001613	-0.006034
167968.740945	-0.013398	0.041832
167724.600320	0.029883	-0.010928
167480.459695	-0.009433	-0.009522
167236.319070	0.005679	-0.025725
166992.178445	0.004135	0.021130
166748.037820	0.007583	0.066464
166503.897195	0.006917	0.040098
166259.756570	0.019420	-0.010044
166015.615945	-0.013932	0.030426
165771.475320	0.069116	0.000900
165527.334695	-0.046643	-0.002277
165283.194070	0.008214	0.039601
165039.053445	-0.008779	0.001980
164794.912820	-0.014871	0.022655
164550.772195	0.011963	0.008429
164306.631570	-0.016881	0.007100
164062.490945	-0.002491	0.049433
163818.350320	-0.063178	0.001720
163574.209695	-0.011414	0.024416
163330.069070	-0.028936	0.036798
163085.928445	-0.001514	0.061696
162841.787820	-0.048062	0.047018
162597.647195	-0.053447	-0.012910
162353.506570	-0.022296	-0.002215
162109.365945	-0.051494	0.036795
161865.225320	-0.008618	-0.004684
161621.084695	0.002895	-0.041282
161376.944070	0.033292	0.062517
161132.803445	-0.023777	0.026689
160888.662820	-0.019323	0.018939
160644.522195	0.023209	0.031832
160400.381570	-0.004170	-0.003803
160156.240945	0.027440	0.026376
159912.100320	0.044472	0.013302
159667.959695	-0.010068	0.013306
159423.819070	-0.001191	0.048282
159179.678445	-0.028130	-0.012557
158935.537820	-0.010881	0.027123
158691.397195	0.034915	0.036480
158447.256570	0.019488	0.001320
158203.115945	-0.021887	-0.012386
157958.975320	0.022810	0.021625
157714.834695	-0.035790	-0.005730
157470.694070	0.000310	0.037524
157226.553445	0.020257	0.082156
156982.412820	-0.014244	0.031658
156738.272195	0.010220	0.012671
156494.131570	0.006754	0.010581
156249.990945	-0.004928	0.011298
156005.850320	0.001906	-0.001721
155761.709695	-0.010585	0.046392
155517.569070	0.029520	0.063751
155273.428445	0.006808	0.002338
155029.287820	0.028224	0.044428
154785.147195	-0.006544	0.048658
154541.006570	-0.024317	0.045221
154296.865945	-0.001776	-0.000670
154052.725320	0.002031	0.003026
153808.584695	-0.016705	0.017548
153564.444070	0.002491	0.049330
153320.303445	-0.000059	0.046075
153076.162820	-0.001083	0.037405
152832.022195	-0.001742	0.010665
152587.881570	-0.028830	0.050197
152343.740945	0.017695	0.027171
152099.600320	0.034725	0.038799
151855.459695	0.011049	-0.002825
151611.319070	0.048795	0.023081
151367.178445	0.003937	0.052519
151123.037820	-0.032858	0.017582
150878.897195	-0.053081	0.007190
150634.756570	-0.000608	0.060310
150390.615945	-0.006204	0.039326
150146.475320	0.000224	-0.008245
149902.334695	-0.023416	0.012155
149658.194070	-0.027051	-0.004188
149414.053445	-0.028124	0.039442
149169.912820	0.013059	0.085439
148925.772195	-0.047960	0.038600
148681.631570	-0.005313	0.042967
148437.490945	-0.029288	0.048712
148193.350320	-0.022498	0.018275
147949.209695	-0.012115	0.049358
147705.069070	0.015053	0.051712
147460.928445	0.009809	0.035253
147216.787820	-0.022251	0.006489
146972.647195	-0.037044	0.011253
146728.506570	-0.040594	0.003356
146484.365945	-0.032379	0.002095
146240.225320	-0.043968	0.062884
145996.084695	-0.027896	0.050808
145751.944070	-0.003090	0.016872
145507.803445	-0.007156	-0.014131
145263.662820	0.014205	0.032683
145019.522195	0.002572	0.003275
144775.381570	-0.040631	0.039690
144531.240945	0.001477	0.001826
144287.100320	0.008228	0.062844
144042.959695	-0.000837	0.024461
143798.819070	0.031999	0.026121
143554.678445	0.034432	0.049226
143310.537820	0.019038	0.030676
143066.397195	0.039595	0.012860
142822.256570	0.007536	0.025684
142578.115945	-0.024898	0.016142
142333.975320	0.020108	0.036124
142089.834695	-0.003369	0.035381
141845.694070	0.009653	-0.000033
141601.553445	0.033225	0.023191
141357.412820	-0.010879	-0.005080
141113.272195	-0.016014	-0.019198
140869.131570	-0.016212	-0.013724
140624.990945	0.015612	0.015225
140380.850320	0.013848	0.049048
140136.709695	0.018957	0.039896
139892.569070	-0.015010	0.032228
139648.428445	-0.031788	0.058341
139404.287820	-0.004234	0.051111
139160.147195	-0.022334	-0.032065
138916.006570	0.008137	0.013532
138671.865945	0.014713	0.033480
138427.725320	-0.032326	0.008377
138183.584695	0.004087	0.028104
137939.444070	0.010328	0.049689
137695.303445	0.016713	0.018648
137451.162820	-0.017607	0.025745
137207.022195	0.001478	0.011623
136962.881570	-0.016201	-0.021696
136718.740945	-0.017127	0.061775
136474.600320	0.006054	0.012072
136230.459695	-0.016664	-0.003321
135986.319070	0.069946	-0.018026
135742.178445	-0.014367	0.029666
135498.037820	-0.038042	0.043410
135253.897195	0.005276	0.020478
135009.756570	-0.008159	0.041971
134765.615945	-0.005750	0.009454
134521.475320	-0.016923	0.018368
134277.334695	0.019946	0.029593
134033.194070	0.007004	0.060302
133789.053445	0.017769	0.074584
133544.912820	-0.031689	0.074288
133300.772195	0.021797	0.046546
133056.631570	0.007892	0.013252
132812.490945	0.017279	0.029591
132568.350320	0.012156	0.031637
132324.209695	-0.046014	0.048207
132080.069070	0.032260	0.003067
131835.928445	0.006354	0.047596
131591.787820	-0.025068	-0.033378
131347.647195	-0.049605	0.053420
131103.506570	-0.012517	-0.005626
130859.365945	-0.020807	0.004799
130615.225320	-0.022888	0.013404
130371.084695	-0.014238	0.030380
130126.944070	-0.005451	0.017551
129882.803445	0.006544	0.070459
129638.662820	-0.013917	0.071506
129394.522195	-0.004192	0.006660
129150.381570	0.052283	0.035877
128906.240945	0.008643	0.010549
128662.100320	-0.023168	0.002711
128417.959695	-0.027741	0.016965
128173.819070	0.010478	0.059559
127929.678445	-0.026009	0.037485
127685.537820	0.019071	0.036384
127441.397195	-0.013613	0.025465
127197.256570	0.033144	0.028759
126953.115945	0.030430	0.036521
126708.975320	-0.017074	0.071120
126464.834695	-0.053109	-0.005565
126220.694070	-0.003148	0.045416
125976.553445	-0.024258	0.007293
125732.412820	-0.002591	0.041466
125488.272195	-0.073244	0.047785
125244.131570	0.042071	0.037390
124999.990945	-0.033463	0.056045
124755.850320	0.047588	0.025175
124511.709695	-0.015316	0.040941
124267.569070	-0.051027	0.017040
124023.428445	-0.008180	0.035662
123779.287820	0.018358	0.017707
123535.147195	0.012607	-0.028777
123291.006570	-0.027018	0.053342
123046.865945	0.004881	0.038538
122802.725320	-0.018076	0.058460
122558.584695	-0.003683	0.052351
122314.444070	0.011703	0.050736
122070.303445	-0.025414	0.061311
121826.162820	0.041233	0.021200
121582.022195	-0.022242	0.016522
121337.881570	0.001633	0.046045
121093.740945	-0.021047	0.045602
120849.600320	-0.035490	0.106214
120605.459695	-0.032568	0.066362
120361.319070	-0.072688	0.031513
120117.178445	-0.019090	0.013737
119873.037820	0.027414	0.053196
119628.897195	0.036505	0.028968
119384.756570	0.020513	0.007977
119140.615945	-0.003269	0.062098
118896.475320	0.014073	0.022279
118652.334695	-0.049086	0.002010
118408.194070	-0.019612	0.028401
118164.053445	-0.036543	-0.013839
117919.912820	0.005997	0.039471
117675.772195	0.016423	0.011461
117431.631570	0.002194	-0.015486
117187.490945	0.000306	0.016901
116943.350320	-0.028073	0.039152
116699.209695	0.008521	0.024115
116455.069070	0.034115	0.072887
116210.928445	-0.020705	0.038315
115966.787820	0.068533	0.031462
115722.647195	-0.002419	0.050709
115478.506570	-0.006054	0.011842
115234.365945	0.019152	0.022564
114990.225320	0.035508	0.061613
114746.084695	-0.035152	0.061388
114501.944070	-0.044655	0.070815
114257.803445	-0.027504	0.027977
114013.662820	0.003605	0.073609
113769.522195	-0.021297	0.031765
113525.381570	0.007746	0.062441
113281.240945	-0.006811	0.000555
113037.100320	0.001720	0.075219
112792.959695	0.011974	0.081804
112548.819070	-0.039775	-0.005925
112304.678445	-0.027226	-0.002356
112060.537820	0.000181	-0.006640
111816.397195	-0.002683	0.020747
111572.256570	-0.003988	0.046421
111328.115945	-0.018881	-0.000838
111083.975320	-0.015308	0.078840
110839.834695	-0.020354	0.060942
110595.694070	-0.036127	-0.008799
110351.553445	-0.036727	0.006448
110107.412820	-0.039700	0.055772
109863.272195	-0.036883	0.029130
109619.131570	0.026877	0.081207
109374.990945	0.002480	0.000947
109130.850320	0.006931	0.057888
108886.709695	-0.013379	-0.003802
108642.569070	0.006223	0.024635
108398.428445	-0.029104	0.077911
108154.287820	-0.021261	0.032226
107910.147195	0.034738	0.010187
107666.006570	0.036591	0.003383
107421.865945	-0.020961	0.040475
107177.725320	0.014760	0.071433
106933.584695	0.006599	0.058865
106689.444070	0.010207	0.041861
106445.303445	-0.011737	0.048104
106201.162820	-0.026642	0.076096
105957.022195	0.032874	0.044070
105712.881570	0.020262	0.093981
105468.740945	-0.012496	0.084172
105224.600320	-0.014351	0.042235
104980.459695	-0.018732	0.028197
104736.319070	-0.022141	0.021600
104492.178445	0.000248	0.016671
104248.037820	-0.019458	0.039141
104003.897195	-0.064614	0.018628
103759.756570	0.035697	0.069530
103515.615945	-0.028536	0.010977
103271.475320	-0.000857	-0.001350
103027.334695	0.016488	-0.001898
102783.194070	0.093110	0.074774
102539.053445	0.026462	0.056973
102294.912820	-0.019693	0.044442
102050.772195	-0.020969	0.077705
101806.631570	-0.042587	0.046604
101562.490945	-0.013898	0.043190
101318.350320	-0.019285	0.045360
101074.209695	-0.063832	0.068284
100830.069070	0.012583	0.092625
100585.928445	-0.021173	0.054371
100341.787820	-0.014520	0.105347
100097.647195	0.019866	0.088914
99853.506570	0.027605	0.028456
99609.365945	-0.023870	0.040888
99365.225320	0.038404	0.012885
99121.084695	-0.009997	0.068706
98876.944070	0.000790	0.021720
98632.803445	-0.023360	0.025782
98388.662820	-0.028966	0.014544
98144.522195	0.031601	0.047868
97900.381570	0.003766	0.011487
97656.240945	-0.046019	0.016254
97412.100320	-0.015860	0.060585
97167.959695	0.050247	-0.004162
96923.819070	0.086111	0.195201
96679.678445	0.013259	0.127251
96435.537820	-0.022722	0.046581
96191.397195	-0.000787	0.061502
95947.256570	0.031490	0.070170
95703.115945	-0.029083	0.035119
95458.975320	0.008400	0.061629
95214.834695	-0.021797	0.071723
94970.694070	0.024186	0.028741
94726.553445	0.027890	0.039327
94482.412820	-0.017172	0.077048
94238.272195	0.002833	0.020932
93994.131570	0.000838	0.032911
93749.990945	0.043267	0.062632
93505.850320	-0.012230	0.020766
93261.709695	0.008379	0.074302
93017.569070	0.009020	0.092194
92773.428445	-0.019198	0.061056
92529.287820	0.013199	0.034218
92285.147195	-0.012657	0.109592
92041.006570	0.010399	0.039963
91796.865945	-0.009169	0.048678
91552.725320	-0.001402	0.050027
91308.584695	0.046725	0.062458
91064.444070	-0.006727	0.039234
90820.303445	-0.029899	0.048334
90576.162820	-0.026304	0.030606
90332.022195	-0.035131	-0.003437
90087.881570	0.016258	0.087954
89843.740945	-0.047714	0.070799
89599.600320	0.037804	0.064310
89355.459695	0.015233	0.074186
89111.319070	0.029397	0.055950
88867.178445	0.005723	0.011313
88623.037820	0.010390	0.048867
88378.897195	-0.006394	0.069457
88134.756570	0.031087	0.106204
87890.615945	-0.028977	0.060865
87646.475320	-0.022197	0.070798
87402.334695	0.016862	0.042474
87158.194070	-0.003178	0.018480
86914.053445	-0.003664	0.075833
86669.912820	-0.034804	0.046729
86425.772195	0.012907	0.055724
86181.631570	0.014339	0.117919
85937.490945	-0.012515	0.053990
85693.350320	-0.009793	0.016115
85449.209695	-0.010209	0.003972
85205.069070	-0.015309	0.065505
84960.928445	-0.012949	0.052474
84716.787820	0.016180	0.054762
84472.647195	-0.008243	0.068796
84228.506570	-0.007648	0.137553
83984.365945	-0.004219	0.030990
83740.225320	-0.000121	0.042258
83496.084695	-0.013475	0.088498
83251.944070	-0.027972	0.073431
83007.803445	-0.003441	0.079460
82763.662820	0.018423	0.030594
82519.522195	-0.031632	0.067693
82275.381570	0.022470	0.085932
82031.240945	-0.031841	0.106465
81787.100320	-0.051277	0.043221
81542.959695	0.032528	0.115164
81298.819070	0.010859	0.050798
81054.678445	-0.018087	0.057861
80810.537820	0.004414	0.053619
80566.397195	0.008568	0.083176
80322.256570	-0.028666	0.042477
80078.115945	-0.042153	0.044858
79833.975320	-0.015131	0.055508
79589.834695	-0.053957	0.044853
79345.694070	-0.026319	0.135968
79101.553445	0.016949	0.043700
78857.412820	-0.019639	0.062968
78613.272195	-0.002618	0.032284
78369.131570	-0.019697	0.082943
78124.990945	0.062411	0.049055
77880.850320	0.000885	0.075279
77636.709695	0.003190	0.050954
77392.569070	0.021783	0.089087
77148.428445	-0.011654	0.043832
76904.287820	-0.009371	0.072533
76660.147195	-0.021845	0.102295
76416.006570	0.030837	0.074705
76171.865945	-0.013799	0.089115
75927.725320	0.005526	0.069406
75683.584695	-0.002224	0.054407
75439.444070	-0.002362	0.075515
75195.303445	0.012062	0.075246
74951.162820	-0.042396	0.057503
74707.022195	0.033805	0.100198
74462.881570	0.008087	0.078412
74218.740945	-0.035066	0.090362
73974.600320	0.036687	0.034841
73730.459695	-0.019412	0.052719
73486.319070	-0.005113	0.033590
73242.178445	-0.019267	0.099402
72998.037820	0.007257	0.039526
72753.897195	0.024055	0.052075
72509.756570	-0.005843	0.057841
72265.615945	-0.013777	0.065916
72021.475320	-0.028211	0.091223
71777.334695	0.045129	0.101073
71533.194070	-0.017914	0.079526
71289.053445	0.000302	0.040670
71044.912820	0.049902	0.083202
70800.772195	0.008048	0.071925
70556.631570	-0.027315	0.076693
70312.490945	-0.023453	0.057679
70068.350320	-0.030457	0.095635
69824.209695	-0.013948	0.059033
69580.069070	0.029773	0.072479
69335.928445	-0.001706	0.071125
69091.787820	-0.006619	0.092169
68847.647195	0.022752	0.104660
68603.506570	0.030868	0.073997
68359.365945	0.007783	0.086940
68115.225320	-0.022526	0.088057
67871.084695	-0.015637	0.076357
67626.944070	0.031897	0.052111
67382.803445	0.029364	0.081104
67138.662820	0.073386	0.102316
66894.522195	-0.022959	0.074093
66650.381570	0.005807	0.071699
66406.240945	-0.033731	0.059207
66162.100320	-0.022575	0.079964
65917.959695	-0.010551	0.108610
65673.819070	0.014984	0.113499
65429.678445	0.030032	0.104098
65185.537820	0.014412	0.083374
64941.397195	0.013666	0.063803
64697.256570	0.043891	0.104237
64453.115945	0.013748	0.055928
64208.975320	0.004899	0.059017
63964.834695	-0.012338	0.094752
63720.694070	-0.012322	0.071915
63476.553445	-0.014238	0.093351
63232.412820	-0.016623	0.045436
62988.272195	0.018394	0.105182
62744.131570	-0.014084	0.055365
62499.990945	-0.035002	0.133639
62255.850320	0.020163	0.115825
62011.709695	0.022816	0.112756
61767.569070	0.016284	0.057320
61523.428445	0.006882	0.117841
61279.287820	-0.003079	0.092039
61035.147195	0.006452	0.094758
60791.006570	-0.023522	0.074750
60546.865945	-0.062071	0.060897
60302.725320	0.007411	0.084544
60058.584695	0.010289	0.079329
59814.444070	-0.005731	0.112843
59570.303445	0.013900	0.091204
59326.162820	0.003694	0.110820
59082.022195	-0.033580	0.108403
58837.881570	-0.009819	0.096240
58593.740945	-0.013974	0.078308
58349.600320	0.015775	0.075222
58105.459695	0.025099	0.081649
57861.319070	-0.031889	0.100246
57617.178445	0.013900	0.047353
57373.037820	-0.005429	0.091852
57128.897195	0.014068	0.081534
56884.756570	0.003895	0.084129
56640.615945	0.039073	0.114636
56396.475320	0.047308	0.076024
56152.334695	0.004276	0.088640
55908.194070	0.037320	0.078203
55664.053445	0.001782	0.105041
55419.912820	0.034822	0.096125
55175.772195	-0.027368	0.111359
54931.631570	-0.006227	0.114306
54687.490945	0.048410	0.101952
54443.350320	0.001085	0.107990
54199.209695	-0.014033	0.121740
53955.069070	-0.003605	0.077238
53710.928445	0.058103	0.091092
53466.787820	0.006143	0.126561
53222.647195	0.001201	0.092904
52978.506570	-0.027159	0.119680
52734.365945	0.012840	0.137774
52490.225320	0.025791	0.143097
52246.084695	0.014236	0.046960
52001.944070	0.032212	0.108170
51757.803445	0.009568	0.114716
51513.662820	0.035238	0.113970
51269.522195	-0.035692	0.099966
51025.381570	-0.004009	0.119599
50781.240945	-0.004755	0.129036
50537.100320	0.030027	0.110005
50292.959695	0.000117	0.154441
50048.819070	0.052455	0.100157
49804.678445	0.003500	0.115911
49560.537820	-0.023317	0.069200
49316.397195	0.038445	0.107882
49072.256570	0.027238	0.085277
48828.115945	-0.006870	0.092947
48583.975320	0.048379	0.105882
48339.834695	0.010970	0.121547
48095.694070	-0.008132	0.103870
47851.553445	-0.003488	0.098179
47607.412820	0.046995	0.109793
47363.272195	0.041893	0.115872
47119.131570	0.039032	0.128733
46874.990945	-0.007301	0.132590
46630.850320	-0.041638	0.120129
46386.709695	-0.019167	0.111910
46142.569070	0.016614	0.115472
45898.428445	0.034231	0.142595
45654.287820	0.062146	0.132294
45410.147195	0.011300	0.100633
45166.006570	0.042356	0.132070
44921.865945	0.032494	0.128843
44677.725320	0.007287	0.105441
44433.584695	0.008097	0.117662
44189.444070	0.017099	0.094609
43945.303445	0.008720	0.143592
43701.162820	0.028392	0.116586
43457.022195	-0.020607	0.136028
43212.881570	0.015787	0.124538
42968.740945	-0.017366	0.125258
42724.600320	0.035385	0.119960
42480.459695	-0.006327	0.125465
42236.319070	-0.011638	0.196311
41992.178445	0.013222	0.114418
41748.037820	0.045903	0.093904
41503.897195	0.015879	0.138890
41259.756570	0.034466	0.144424
41015.615945	0.023754	0.158718
40771.475320	-0.036446	0.127021
40527.334695	0.036893	0.150852
40283.194070	0.040653	0.128829
40039.053445	0.089586	0.162270
39794.912820	-0.016013	0.134212
39550.772195	0.025410	0.167418
39306.631570	-0.005029	0.134566
39062.490945	0.052846	0.132385
38818.350320	-0.022352	0.123384
38574.209695	0.007259	0.151532
38330.069070	0.024952	0.127935
38085.928445	0.009301	0.148190
37841.787820	0.010247	0.140750
37597.647195	0.049293	0.121826
37353.506570	0.044003	0.147821
37109.365945	0.032825	0.141052
36865.225320	0.043731	0.160677
36621.084695	0.033901	0.120095
36376.944070	0.002335	0.154856
36132.803445	0.010982	0.172607
35888.662820	0.008542	0.123247
35644.522195	-0.013664	0.165016
35400.381570	0.015739	0.115235
35156.240945	0.063001	0.151267
34912.100320	0.089077	0.121101
34667.959695	0.033266	0.144461
34423.819070	0.020472	0.161622
34179.678445	0.013407	0.114262
33935.537820	0.016219	0.149170
33691.397195	-0.002927	0.154733
33447.256570	0.036253	0.176274
33203.115945	0.019152	0.173730
32958.975320	0.002295	0.167570
32714.834695	0.053855	0.133118
32470.694070	0.035688	0.171938
32226.553445	0.002982	0.184138
31982.412820	0.046921	0.156715
31738.272195	0.021362	0.157956
31494.131570	0.010289	0.158653
31249.990945	0.008256	0.195111
31005.850320	0.019889	0.155629
30761.709695	0.007531	0.198980
30517.569070	0.017584	0.181164
30273.428445	0.023070	0.151055
30029.287820	0.051871	0.183116
29785.147195	0.048432	0.147790
29541.006570	-0.023357	0.208731
29296.865945	0.027022	0.197393
29052.725320	0.049952	0.197533
28808.584695	0.019839	0.176009
28564.444070	0.004342	0.188856
28320.303445	0.024449	0.172894
28076.162820	0.053922	0.205158
27832.022195	0.045599	0.179772
27587.881570	0.023901	0.199292
27343.740945	0.051121	0.173895
27099.600320	0.033965	0.180720
26855.459695	0.007247	0.176749
26611.319070	0.066821	0.213758
26367.178445	-0.000920	0.169038
26123.037820	0.022806	0.198260
25878.897195	0.074690	0.186042
25634.756570	0.061058	0.232136
25390.615945	0.019988	0.187736
25146.475320	0.022197	0.205194
24902.334695	0.025287	0.212092
24658.194070	-0.008055	0.242302
24414.053445	0.045677	0.227043
24169.912820	0.014730	0.190908
23925.772195	0.050517	0.278626
23681.631570	0.093436	0.236403
23437.490945	0.029802	0.216186
23193.350320	0.031211	0.178955
22949.209695	0.073517	0.182060
22705.069070	0.079023	0.227262
22460.928445	0.034982	0.230386
22216.787820	0.021599	0.222076
21972.647195	0.012052	0.280951
21728.506570	0.076177	0.253380
21484.365945	0.084199	0.242191
21240.225320	0.041858	0.234265
20996.084695	0.088032	0.262581
20751.944070	0.049291	0.234094
20507.803445	0.076953	0.271638
20263.662820	0.074763	0.261294
20019.522195	0.052556	0.257191
19775.381570	0.036026	0.270394
19531.240945	0.015660	0.261508
19287.100320	0.045982	0.299450
19042.959695	0.053317	0.256462
18798.819070	0.054626	0.277003
18554.678445	0.101161	0.272055
18310.537820	0.064705	0.277675
18066.397195	0.077518	0.278122
17822.256570	0.077451	0.264779
17578.115945	0.079282	0.310993
17333.975320	0.057398	0.318369
17089.834695	0.111723	0.308296
16845.694070	0.076011	0.290264
16601.553445	0.088447	0.322283
16357.412820	0.119277	0.323433
16113.272195	0.105602	0.293125
15869.131570	0.111194	0.319716
15624.990945	0.111205	0.273624
15380.850320	0.115697	0.323146
15136.709695	0.101381	0.310162
14892.569070	0.099001	0.325817
14648.428445	0.104766	0.321873
14404.287820	0.125536	0.300534
14160.147195	0.129002	0.327457
13916.006570	0.147884	0.340796
13671.865945	0.118918	0.335398
13427.725320	0.151545	0.330184
13183.584695	0.189723	0.344676
12939.444070	0.125926	0.363150
12695.303445	0.151324	0.365340
12451.162820	0.124343	0.425955
12207.022195	0.139293	0.403463
11962.881570	0.157888	0.410113
11718.740945	0.191437	0.378375
11474.600320	0.175263	0.412666
11230.459695	0.173615	0.412929
10986.319070	0.203484	0.410016
10742.178445	0.207080	0.439744
10498.037820	0.185928	0.409677
10253.897195	0.236311	0.408724
10009.756570	0.249654	0.409125
9765.615945	0.247557	0.427502
9521.475320	0.228145	0.425847
9277.334695	0.288002	0.409777
9033.194070	0.254547	0.453954
8789.053445	0.282133	0.511695
8544.912820	0.291303	0.463043
8300.772195	0.297609	0.479528
8056.631570	0.246474	0.483973
7812.490945	0.328048	0.456694
7568.350320	0.331522	0.494587
7324.209695	0.369387	0.464258
7080.069070	0.376999	0.474935
6835.928445	0.427349	0.459022
6591.787820	0.433623	0.506081
6347.647195	0.443039	0.513003
6103.506570	0.408785	0.513291
5859.365945	0.434017	0.468329
5615.225320	0.458844	0.510363
5371.084695	0.491929	0.508431
5126.944070	0.499830	0.477883
4882.803445	0.545605	0.535688
4638.662820	0.538993	0.496379
4394.522195	0.608625	0.500048
4150.381570	0.584070	0.498279
3906.240945	0.646963	0.473905
3662.100320	0.674917	0.471927
3417.959695	0.723087	0.430041
3173.819070	0.771547	0.522948
2929.678445	0.792225	0.451756
2685.537820	0.789140	0.416071
2441.397195	0.783957	0.393128
2197.256570	0.863305	0.391375
1953.115945	0.874494	0.322571
1708.975320	0.941998	0.286234
1464.834695	0.959648	0.322235
1220.694070	0.935123	0.183597
976.553445	0.937955	0.172073
732.412820	0.961547	0.191263
488.272195	0.950248	0.092648
244.131570	0.986049	0.036012
-0.009055	0.966451	0.102198
-244.149680	1.004871	-0.051086
-488.290305	0.961602	-0.030362
-732.430930	1.013951	-0.073374
-976.571555	0.934949	-0.133474
-1220.712180	0.963162	-0.183316
-1464.852805	0.934645	-0.215193
-1708.993430	0.919187	-0.287075
-1953.134055	0.860344	-0.308022
-2197.274680	0.880048	-0.301655
-2441.415305	0.815742	-0.354966
-2685.555930	0.768413	-0.394685
-2929.696555	0.822916	-0.399876
-3173.837180	0.764429	-0.469480
-3417.977805	0.760912	-0.396668
-3662.118430	0.698349	-0.461385
-3906.259055	0.642540	-0.494436
-4150.399680	0.662739	-0.470413
-4394.540305	0.607152	-0.497475
-4638.680930	0.591917	-0.466224
-4882.821555	0.570766	-0.474306
-5126.962180	0.599737	-0.497562
-5371.102805	0.517929	-0.463739
-5615.243430	0.476322	-0.516487
-5859.384055	0.475565	-0.475383
-6103.524680	0.488657	-0.490073
-6347.665305	0.412037	-0.492265
-6591.805930	0.430906	-0.471861
-6835.946555	0.413349	-0.472530
-7080.087180	0.365083	-0.499234
-7324.227805	0.387435	-0.432744
-7568.368430	0.403127	-0.450454
-7812.509055	0.379209	-0.458523
-8056.649680	0.346111	-0.464524
-8300.790305	0.322187	-0.420546
-8544.930930	0.287646	-0.492430
-8789.071555	0.266096	-0.446797
-9033.212180	0.282018	-0.398274
-9277.352805	0.265806	-0.421041
-9521.493430	0.208145	-0.450832
-9765.634055	0.254702	-0.404793
-10009.774680	0.247483	-0.432016
-10253.915305	0.252801	-0.375010
-10498.055930	0.227358	-0.388607
-10742.196555	0.214495	-0.381569
-10986.337180	0.282242	-0.431080
-11230.477805	0.228355	-0.365316
-11474.618430	0.200874	-0.354581
-11718.759055	0.190318	-0.357520
-11962.899680	0.191668	-0.398796
-12207.040305	0.158741	-0.359510
-12451.180930	0.185053	-0.339166
-12695.321555	0.160615	-0.345586
-12939.462180	0.171663	-0.381704
-13183.602805	0.138617	-0.358881
-13427.743430	0.152487	-0.319194
-13671.884055	0.175393	-0.352543
-13916.024680	0.187868	-0.318820
-14160.165305	0.126824	-0.312583
-14404.305930	0.144868	-0.332139
-14648.446555	0.143761	-0.294121
-14892.587180	0.122116	-0.336701
-15136.727805	0.132588	-0.342827
-15380.868430	0.131685	-0.321400
-15625.009055	0.122522	-0.308022
-15869.149680	0.112556	-0.310100
-16113.290305	0.126588	-0.310241
-16357.430930	0.135400	-0.258447
-16601.571555	0.124019	-0.305771
-16845.712180	0.153540	-0.274157
-17089.852805	0.121010	-0.288036
-17333.993430	0.089794	-0.285567
-17578.134055	0.084556	-0.302336
-17822.274680	0.100483	-0.269301
-18066.415305	0.075614	-0.276961
-18310.555930	0.072126	-0.288682
-18554.696555	0.093040	-0.297564
-18798.837180	0.086107	-0.307525
-19042.977805	0.103985	-0.253112
-19287.118430	0.086266	-0.273356
-19531.259055	0.092027	-0.273832
-19775.399680	0.087029	-0.272557
-20019.540305	0.088691	-0.246017
-20263.680930	0.046851	-0.290398
-20507.821555	0.046936	-0.289148
-20751.962180	0.095169	-0.245302
-20996.102805	0.087563	-0.266894
-21240.243430	0.053727	-0.225929
-21484.384055	0.030388	-0.233377
-21728.524680	0.041505	-0.259539
-21972.665305	0.040489	-0.226806
-22216.805930	0.058526	-0.222466
-22460.946555	0.045145	-0.230602
-22705.087180	0.083498	-0.190512
-22949.227805	0.043467	-0.207295
-23193.368430	0.057115	-0.238850
-23437.509055	0.082649	-0.219810
-23681.649680	0.057375	-0.237613
-23925.790305	0.069697	-0.232004
-24169.930930	0.070184	-0.236283
-24414.071555	0.068926	-0.237768
-24658.212180	0.073008	-0.177426
-24902.352805	0.066264	-0.184839
-25146.493430	0.022652	-0.206537
-25390.634055	0.090766	-0.203416
-25634.774680	0.054899	-0.195456
-25878.915305	0.060484	-0.214103
-26123.055930	0.070580	-0.191665
-26367.196555	0.086981	-0.220339
-26611.337180	0.021465	-0.252521
-26855.477805	-0.003608	-0.203264
-27099.618430	0.053485	-0.196009
-27343.759055	0.049623	-0.182697
-27587.899680	0.034032	-0.223794
-27832.040305	0.051284	-0.199000
-28076.180930	0.035671	-0.211557
-28320.321555	0.039216	-0.158307
-28564.462180	0.027633	-0.207155
-28808.602805	0.061219	-0.169888
-29052.743430	0.052013	-0.168833
-29296.884055	0.057511	-0.128138
-29541.024680	0.057724	-0.191548
-29785.165305	0.014443	-0.175179
-30029.305930	0.040970	-0.173657
-30273.446555	0.023728	-0.172087
-30517.587180	0.059982	-0.171083
-30761.727805	0.051680	-0.150291
-31005.868430	0.037883	-0.150345
-31250.009055	0.063898	-0.141845
-31494.149680	0.081660	-0.187991
-31738.290305	0.069388	-0.201219
-31982.430930	0.019522	-0.135693
-32226.571555	-0.001002	-0.186418
-32470.712180	0.021851	-0.183123
-32714.852805	0.093609	-0.186606
-32958.993430	0.031571	-0.135941
-33203.134055	0.051726	-0.178416
-33447.274680	0.043899	-0.137525
-33691.415305	0.024495	-0.153199
-33935.555930	0.016281	-0.151594
-34179.696555	0.032264	-0.134496
-34423.837180	0.052041	-0.183550
-34667.977805	-0.015711	-0.179148
-34912.118430	0.046172	-0.133634
-35156.259055	0.034484	-0.176821
-35400.399680	-0.009107	-0.137929
-35644.540305	0.040559	-0.125921
-35888.680930	0.038874	-0.140633
-36132.821555	0.048487	-0.164967
-36376.962180	0.044598	-0.133838
-36621.102805	0.022826	-0.131859
-36865.243430	-0.008557	-0.149852
-37109.384055	0.022400	-0.159136
-37353.524680	0.002108	-0.159176
-37597.665305	0.011871	-0.179756
-37841.805930	0.024854	-0.112553
-38085.946555	0.075539	-0.174751
-38330.087180	0.043399	-0.150417
-38574.227805	0.032236	-0.170399
-38818.368430	0.030186	-0.137655
-39062.509055	0.029607	-0.144657
-39306.649680	-0.010952	-0.159845
-39550.790305	0.016206	-0.123672
-39794.930930	0.041105	-0.137815
-40039.071555	0.014860	-0.161514
-40283.212180	0.031666	-0.138617
-40527.352805	0.040949	-0.085551
-40771.493430	0.027994	-0.129558
-41015.634055	0.028986	-0.139096
-41259.774680	0.044025	-0.166541
-41503.915305	0.021019	-0.116505
-41748.055930	0.004201	-0.107236
-41992.196555	0.064939	-0.114291
-42236.337180	-0.048661	-0.135427
-42480.477805	0.028033	-0.120437
-42724.618430	-0.004993	-0.111641
-42968.759055	-0.007617	-0.138689
-43212.899680	0.039990	-0.116583
-43457.040305	0.007939	-0.106626
-43701.180930	0.002930	-0.127645
-43945.321555	-0.014737	-0.133027
-44189.462180	-0.002244	-0.131317
-44433.602805	0.020127	-0.130029
-44677.743430	0.050004	-0.123621
-44921.884055	0.000880	-0.134079
-45166.024680	0.016205	-0.105627
-45410.165305	-0.003806	-0.095316
-45654.305930	0.005068	-0.093177
-45898.446555	0.004066	-0.077249
-46142.587180	0.004596	-0.098358
-46386.727805	-0.015631	-0.134319
-46630.868430	0.036179	-0.127768
-46875.009055	0.007756	-0.117412
-47119.149680	-0.003062	-0.127262
-47363.290305	-0.014419	-0.097937
-47607.430930	0.027201	-0.118341
-47851.571555	-0.012571	-0.128183
-48095.712180	0.038462	-0.131761
-48339.852805	-0.015039	-0.148641
-48583.993430	-0.003486	-0.143613
-48828.134055	0.007145	-0.131621
-49072.274680	0.012540	-0.141363
-49316.415305	0.015028	-0.139671
-49560.555930	-0.004786	-0.083932
-49804.696555	0.007507	-0.071981
-50048.837180	0.007753	-0.095078
-50292.977805	0.010056	-0.099609
-50537.118430	-0.004043	-0.112009
-50781.259055	-0.022000	-0.082179
-51025.399680	-0.005058	-0.072823
-51269.540305	0.014803	-0.087013
-51513.680930	0.000828	-0.113082
-51757.821555	0.008152	-0.088157
-52001.962180	0.017583	-0.089013
-52246.102805	0.019315	-0.123161
-52490.243430	0.039309	-0.080704
-52734.384055	-0.003444	-0.088306
-52978.524680	0.000762	-0.129030
-53222.665305	-0.012145	-0.089470
-53466.805930	0.002024	-0.107547
-53710.946555	0.015588	-0.117511
-53955.087180	-0.032899	-0.080012
-54199.227805	-0.001671	-0.089425
-54443.368430	-0.036165	-0.078156
-54687.509055	-0.011620	-0.094334
-54931.649680	0.013451	-0.104221
-55175.790305	-0.001789	-0.089879
-55419.930930	0.023874	-0.049317
-55664.071555	0.021742	-0.088480
-55908.212180	0.011861	-0.079097
-56152.352805	0.018705	-0.101278
-56396.493430	-0.019955	-0.098929
-56640.634055	0.005328	-0.103709
-56884.774680	-0.030286	-0.076617
-57128.915305	-0.031164	-0.070376
-57373.055930	-0.025967	-0.091811
-57617.196555	0.015502	-0.070034
-57861.337180	0.014531	-0.112141
-58105.477805	0.050432	-0.146037
-58349.618430	-0.042765	-0.095330
-58593.759055	0.009199	-0.108667
-58837.899680	0.028951	-0.166081
-59082.040305	0.009794	-0.073436
-59326.180930	-0.004401	-0.103580
-59570.321555	-0.005181	-0.087898
-59814.462180	-0.021292	-0.068497
-60058.602805	-0.008162	-0.110744
-60302.743430	0.028035	-0.090145
-60546.884055	-0.031398	-0.106130
-60791.024680	-0.023325	-0.057361
-61035.165305	0.011551	-0.071101
-61279.305930	0.008698	-0.117997
-61523.446555	0.029055	-0.051556
-61767.587180	0.038997	-0.076234
-62011.727805	-0.019505	-0.097744
-62255.868430	0.024747	-0.072169
-62500.009055	-0.047160	-0.122887
-62744.149680	-0.006270	-0.025705
-62988.290305	0.014806	-0.098144
-63232.430930	0.007725	-0.116862
-63476.571555	0.006556	-0.128018
-63720.712180	0.023305	-0.125330
-63964.852805	-0.004274	-0.097070
-64208.993430	0.000839	-0.108311
-64453.134055	-0.017993	-0.073564
-64697.274680	-0.037457	-0.093142
-64941.415305	-0.002730	-0.129480
-65185.555930	-0.048143	-0.044006
-65429.696555	-0.016442	-0.068490
-65673.837180	-0.039191	-0.125066
-65917.977805	-0.032079	-0.109107
-66162.118430	0.018164	-0.045945
-66406.259055	-0.011887	-0.069588
-66650.399680	-0.052100	-0.116502
-66894.540305	-0.046306	-0.055088
-67138.680930	-0.023853	-0.060726
-67382.821555	-0.030984	-0.075676
-67626.962180	-0.069154	-0.054908
-67871.102805	-0.060160	-0.040169
-68115.243430	-0.075321	-0.064207
-68359.384055	-0.124061	-0.099708
-68603.524680	-0.347223	-0.040072
-68847.665305	0.732052	-0.106248
-69091.805930	0.170225	-0.090877
-69335.946555	0.124041	-0.117011
-69580.087180	0.068162	-0.072524
-69824.227805	0.047397	-0.103913
-70068.368430	0.067351	-0.076667
-70312.509055	0.053556	-0.104986
-70556.649680	0.047652	-0.089518
-70800.790305	0.004678	-0.089295
-71044.930930	0.069247	-0.126344
-71289.071555	0.041211	-0.064318
-71533.212180	0.035111	-0.066969
-71777.352805	0.018527	-0.052554
-72021.493430	-0.000106	-0.088427
-72265.634055	0.051815	-0.083523
-72509.774680	0.018135	-0.044729
-72753.915305	0.042827	-0.065460
-72998.055930	0.011647	-0.068553
-73242.196555	-0.013491	-0.070737
-73486.337180	0.020076	-0.092634
-73730.477805	0.009198	-0.080402
-73974.618430	0.004156	-0.063667
-74218.759055	0.024004	0.011049
-74462.899680	0.024921	-0.090758
-74707.040305	-0.020600	-0.096907
-74951.180930	0.053031	-0.068727
-75195.321555	-0.039099	-0.087391
-75439.462180	0.046832	-0.068528
-75683.602805	0.014684	-0.025350
-75927.743430	0.000865	-0.033892
-76171.884055	0.007515	-0.100539
-76416.024680	0.001118	-0.053036
-76660.165305	0.038261	-0.055335
-76904.305930	0.013462	-0.090172
-77148.446555	-0.007498	-0.090982
-77392.587180	0.025225	-0.063663
-77636.727805	0.017456	-0.103972
-77880.868430	0.045479	-0.081442
-78125.009055	0.006100	-0.027573
-78369.149680	0.001320	-0.072766
-78613.290305	0.022096	-0.028208
-78857.430930	-0.021595	-0.048679
-79101.571555	0.020213	-0.001284
-79345.712180	0.046725	-0.075144
-79589.852805	0.026746	-0.083878
-79833.993430	0.009996	-0.093121
-80078.134055	0.025177	-0.064113
-80322.274680	-0.006611	-0.083903
-80566.415305	0.002478	-0.077751
-80810.555930	0.002828	-0.086350
-81054.696555	0.024004	-0.037784
-81298.837180	0.034642	-0.056626
-81542.977805	-0.008824	-0.037211
-81787.118430	-0.021069	-0.061824
-82031.259055	-0.016345	-0.067741
-82275.399680	-0.001021	-0.111451
-82519.540305	0.041695	-0.064995
-82763.680930	0.007357	-0.068445
-83007.821555	-0.025173	-0.045493
-83251.962180	0.004947	-0.048040
-83496.102805	0.047994	-0.046543
-83740.243430	0.027488	-0.100759
-83984.384055	0.014611	-0.046821
-84228.524680	0.000533	-0.064990
-84472.665305	-0.013588	-0.042272
-84716.805930	0.002715	-0.091086
-84960.946555	0.014527	-0.041343
-85205.087180	0.014021	-0.060249
-85449.227805	-0.003069	-0.071331
-85693.368430	0.014466	-0.079153
-85937.509055	-0.024456	-0.014502
-86181.649680	-0.011024	-0.041946
-86425.790305	-0.042167	-0.062167
-86669.930930	0.021572	-0.036890
-86914.071555	-0.017010	-0.068672
-87158.212180	-0.010898	-0.073041
-87402.352805	-0.024653	-0.019077
-87646.493430	-0.021107	-0.006686
-87890.634055	-0.000080	-0.047080
-88134.774680	0.037727	-0.037903
-88378.915305	-0.014272	-0.040178
-88623.055930	-0.024516	-0.019888
-88867.196555	0.032073	-0.032266
-89111.337180	0.007601	-0.049988
-89355.477805	0.016053	-0.040065
-89599.618430	-0.003916	-0.079465
-89843.759055	-0.009990	-0.094572
-90087.899680	-0.019897	-0.053602
-90332.040305	0.002722	-0.098369
-90576.180930	-0.045713	-0.033790
-90820.321555	-0.001227	-0.079559
-91064.462180	-0.022834	-0.049776
-91308.602805	-0.005311	-0.018713
-91552.743430	0.023775	-0.015688
-91796.884055	-0.000535	-0.079689
-92041.024680	-0.022700	-0.028003
-92285.165305	0.042153	-0.076540
-92529.305930	0.031918	-0.061716
-92773.446555	-0.017719	-0.009674
-93017.587180	-0.011900	-0.112496
-93261.727805	-0.004354	-0.036076
-93505.868430	0.017946	-0.075586
-93750.009055	-0.011148	-0.072543
-93994.149680	-0.015166	-0.046433
-94238.290305	-0.027150	-0.062219
-94482.430930	-0.030263	-0.067273
-94726.571555	0.008621	-0.086566
-94970.712180	-0.014393	-0.120923
-95214.852805	0.024817	-0.033866
-95458.993430	-0.002922	-0.026647
-95703.134055	0.050932	-0.065374
-95947.274680	-0.024844	-0.060215
-96191.415305	0.030650	-0.050308
-96435.555930	0.012189	-0.094746
-96679.696555	0.052739	-0.052063
-96923.837180	0.029460	-0.028463
-97167.977805	-0.024216	0.074307
-97412.118430	-0.003770	-0.045443
-97656.259055	0.010402	-0.078534
-97900.399680	0.030709	-0.045535
-98144.540305	0.022305	-0.002772
-98388.680930	0.005142	-0.032456
-98632.821555	-0.003388	-0.045887
-98876.962180	0.002578	-0.022855
-99121.102805	0.024086	-0.050053
-99365.243430	0.024561	-0.063033
-99609.384055	-0.006358	-0.038823
-99853.524680	0.009055	-0.043044
-100097.665305	0.021399	-0.050874
-100341.805930	0.015317	-0.086199
-100585.946555	-0.000677	-0.004175
-100830.087180	-0.034842	-0.053702
-101074.227805	0.008196	-0.039743
-101318.368430	0.001758	-0.029644
-101562.509055	-0.014216	-0.041947
-101806.649680	-0.031403	-0.036020
-102050.790305	0.014007	-0.059095
-102294.930930	0.102540	-0.034319
-102539.071555	0.032181	-0.049111
-102783.212180	0.048501	0.062926
-103027.352805	-0.045005	-0.171078
-103271.493430	-0.050383	-0.111872
-103515.634055	0.026228	-0.077206
-103759.774680	-0.003089	-0.037903
-104003.915305	-0.009215	-0.029684
-104248.055930	-0.011010	-0.059303
-104492.196555	0.035021	-0.018321
-104736.337180	0.050570	-0.052036
-104980.477805	-0.005873	-0.087870
-105224.618430	-0.026436	-0.059188
-105468.759055	0.002248	-0.049389
-105712.899680	-0.035024	-0.074773
-105957.040305	-0.002035	-0.052408
-106201.180930	0.001553	-0.043066
-106445.321555	-0.021228	-0.041029
-106689.462180	0.011205	-0.035217
-106933.602805	-0.014327	-0.039926
-107177.743430	-0.046930	-0.067417
-107421.884055	-0.025321	-0.069647
-107666.024680	0.006810	-0.077569
-107910.165305	-0.016351	-0.070878
-108154.305930	0.037533	-0.057254
-108398.446555	0.010945	-0.027945
-108642.587180	0.004687	-0.020395
-108886.727805	-0.057801	-0.037368
-109130.868430	-0.011889	-0.003136
-109375.009055	-0.002419	-0.029210
-109619.149680	0.039159	-0.054241
-109863.290305	-0.012745	-0.060736
-110107.430930	0.008947	-0.077183
-110351.571555	0.051450	-0.040307
-110595.712180	0.015547	-0.059085
-110839.852805	-0.030297	-0.081901
-111083.993430	0.008617	-0.058554
-111328.134055	-0.020121	-0.045868
-111572.274680	-0.047651	-0.033517
-111816.415305	0.022342	-0.046340
-112060.555930	0.049487	-0.053730
-112304.696555	-0.024821	-0.102351
-112548.837180	0.024801	-0.071201
-112792.977805	-0.010141	-0.080891
-113037.118430	0.011274	-0.024266
-113281.259055	0.001432	-0.017545
-113525.399680	-0.012001	-0.015908
-113769.540305	0.033440	-0.055291
-114013.680930	-0.039861	-0.056409
-114257.821555	-0.023222	-0.046879
-114501.962180	-0.014074	-0.070830
-114746.102805	-0.036171	-0.043806
-114990.243430	0.035084	-0.087066
-115234.384055	-0.069886	-0.064848
-115478.524680	0.027984	-0.011223
-115722.665305	0.013224	-0.024121
-115966.805930	-0.022404	-0.056944
-116210.946555	0.028685	-0.028335
-116455.087180	-0.017762	-0.036506
-116699.227805	0.009604	-0.029636
-116943.368430	0.023812	-0.059994
-117187.509055	-0.012227	-0.049179
-117431.649680	0.014184	-0.064047
-117675.790305	0.032261	-0.054299
-117919.930930	-0.023689	-0.064060
-118164.071555	0.010300	-0.039598
-118408.212180	0.005459	-0.071962
-118652.352805	0.036433	-0.027537
-118896.493430	0.004021	0.005474
-119140.634055	-0.035581	-0.048671
-119384.774680	0.010075	-0.015719
-119628.915305	0.008034	-0.052481
-119873.055930	0.019224	-0.073609
-120117.196555	0.023938	-0.054305
-120361.337180	0.014433	0.045760
-120605.477805	0.037725	-0.039033
-120849.618430	-0.007800	-0.096666
-121093.759055	0.020186	-0.054420
-121337.899680	-0.004295	-0.026815
-121582.040305	0.028460	-0.044521
-121826.180930	-0.030194	-0.064889
-122070.321555	-0.023927	-0.056250
-122314.462180	-0.027709	-0.027947
-122558.602805	0.030294	-0.065455
-122802.743430	-0.055088	-0.034364
-123046.884055	-0.053428	-0.044817
-123291.024680	0.000862	-0.006451
-123535.165305	-0.007329	-0.041206
-123779.305930	-0.011343	-0.060764
-124023.446555	-0.061456	-0.066604
-124267.587180	0.062934	-0.020942
-124511.727805	0.031631	-0.064509
-124755.868430	-0.015659	-0.027886
-125000.009055	0.057171	-0.046127
-125244.149680	-0.000592	-0.025821
-125488.290305	0.035340	-0.046211
-125732.430930	-0.012707	-0.038119
-125976.571555	-0.030979	-0.033973
-126220.712180	-0.010745	-0.021283
-126464.852805	-0.027239	0.012145
-126708.993430	-0.014832	-0.059429
-126953.134055	-0.028445	-0.093941
-127197.274680	-0.006629	-0.079660
-127441.415305	0.028857	-0.014940
-127685.555930	-0.038923	-0.034305
-127929.696555	-0.034065	-0.001065
-128173.837180	0.017373	-0.060825
-128417.977805	-0.000280	0.025993
-128662.118430	-0.012632	0.025416
-128906.259055	0.012242	-0.011057
-129150.399680	-0.020095	-0.021058
-129394.540305	0.012498	-0.035681
-129638.680930	0.028493	0.020691
-129882.821555	-0.010168	-0.012812
-130126.962180	0.029070	-0.026652
-130371.102805	0.027757	-0.056051
-130615.243430	0.022268	-0.075013
-130859.384055	-0.051629	-0.015901
-131103.524680	-0.016255	-0.023730
-131347.665305	-0.016271	-0.012490
-131591.805930	0.014199	-0.098644
-131835.946555	0.013732	-0.097261
-132080.087180	0.021891	-0.041322
-132324.227805	0.035887	-0.061790
-132568.368430	-0.000580	-0.071534
-132812.509055	0.025855	0.008002
-133056.649680	-0.004955	-0.071256
-133300.790305	-0.007290	-0.061618
-133544.930930	0.028104	-0.009180
-133789.071555	0.026103	-0.075859
-134033.212180	0.036043	-0.031430
-134277.352805	0.005116	-0.027420
-134521.493430	0.009921	-0.039753
-134765.634055	0.015319	-0.038663
-135009.774680	0.054506	-0.012117
-135253.915305	-0.007681	-0.035505
-135498.055930	-0.015552	-0.050475
-135742.196555	-0.020214	-0.073959
-135986.337180	-0.043594	-0.030618
-136230.477805	-0.018808	-0.009373
-136474.618430	0.012497	-0.025471
-136718.759055	0.018030	-0.027191
-136962.899680	0.012424	-0.008435
-137207.040305	-0.036915	-0.036212
-137451.180930	-0.015677	-0.020002
-137695.321555	0.045919	-0.018829
-137939.462180	-0.002171	-0.019225
-138183.602805	-0.024126	-0.013547
-138427.743430	0.002011	-0.039198
-138671.884055	-0.051137	-0.025896
-138916.024680	-0.019251	0.032588
-139160.165305	-0.028289	-0.050597
-139404.305930	0.059991	-0.027280
-139648.446555	-0.050260	-0.041472
-139892.587180	0.029952	-0.013605
-140136.727805	0.007248	-0.059359
-140380.868430	0.000944	-0.034330
-140625.009055	-0.021316	-0.084434
-140869.149680	0.018709	-0.061059
-141113.290305	-0.041601	-0.047977
-141357.430930	0.031818	-0.023326
-141601.571555	0.020226	-0.015172
-141845.712180	0.024007	-0.025891
-142089.852805	-0.018812	-0.044466
-142333.993430	-0.018525	-0.005758
-142578.134055	0.016052	-0.045960
-142822.274680	0.036534	-0.029738
-143066.415305	-0.001828	-0.054813
-143310.555930	-0.015124	0.002004
-143554.696555	-0.028184	-0.057420
-143798.837180	0.030922	-0.046868
-144042.977805	0.022479	-0.021148
-144287.118430	-0.018609	0.027197
-144531.259055	-0.025704	-0.048666
-144775.399680	0.039060	-0.042687
-145019.540305	0.009217	-0.011451
-145263.680930	0.039380	-0.069238
-145507.821555	-0.010809	-0.029091
-145751.962180	0.019535	-0.050390
-145996.102805	0.002729	-0.072590
-146240.243430	0.017128	-0.020695
-146484.384055	-0.024560	0.002248
-146728.524680	0.006525	-0.033263
-146972.665305	-0.002310	0.008075
-147216.805930	0.012247	-0.073661
-147460.946555	-0.024242	-0.020679
-147705.087180	0.002711	-0.011904
-147949.227805	0.005751	-0.014551
-148193.368430	0.029798	-0.037984
-148437.509055	-0.032818	-0.021149
-148681.649680	-0.020161	-0.060736
-148925.790305	-0.009611	-0.017283
-149169.930930	-0.004726	-0.024413
-149414.071555	0.001668	-0.019760
-149658.212180	0.024208	-0.023364
-149902.352805	-0.053379	-0.038592
-150146.493430	0.013134	-0.041164
-150390.634055	-0.014787	-0.037984
-150634.774680	0.013388	-0.039863
-150878.915305	0.025601	0.021454
-151123.055930	-0.015551	-0.054316
-151367.196555	-0.062542	-0.036492
-151611.337180	0.000809	0.004774
-151855.477805	-0.033116	-0.034440
-152099.618430	0.002755	-0.045732
-152343.759055	0.019720	-0.015380
-152587.899680	-0.000388	-0.021876
-152832.040305	0.050281	-0.010797
-153076.180930	-0.034963	-0.014414
-153320.321555	-0.001667	0.004666
-153564.462180	-0.007987	-0.052049
-153808.602805	-0.028423	-0.013470
-154052.743430	-0.018252	-0.023099
-154296.884055	-0.011003	-0.032487
-154541.024680	0.002328	-0.027189
-154785.165305	-0.001903	-0.002885
-155029.305930	0.009586	-0.029835
-155273.446555	-0.001921	-0.044158
-155517.587180	-0.048180	-0.049780
-155761.727805	-0.030901	-0.002172
-156005.868430	-0.044272	-0.026522
-156250.009055	0.018243	-0.053719
-156494.149680	0.033794	-0.029886
-156738.290305	-0.022182	0.040976
-156982.430930	0.020505	0.044842
-157226.571555	-0.002560	-0.094862
-157470.712180	-0.018023	-0.056130
-157714.852805	0.012306	-0.027090
-157958.993430	-0.049099	-0.007098
-158203.134055	0.009604	-0.020191
-158447.274680	-0.021232	-0.047446
-158691.415305	-0.025076	0.001150
-158935.555930	-0.023623	-0.000078
-159179.696555	-0.001489	-0.016143
-159423.837180	-0.016725	-0.018424
-159667.977805	0.011081	-0.020869
-159912.118430	-0.014852	0.007031
-160156.259055	-0.041012	-0.032502
-160400.399680	-0.030947	0.030757
-160644.540305	0.008352	0.011142
-160888.680930	-0.004914	-0.048464
-161132.821555	-0.028855	0.011386
-161376.962180	0.016110	0.002739
-161621.102805	-0.048711	-0.014343
-161865.243430	0.014232	-0.023609
-162109.384055	0.001969	-0.000015
-162353.524680	-0.010339	0.019949
-162597.665305	-0.024504	0.001276
-162841.805930	0.026062	-0.002592
-163085.946555	-0.021288	-0.034340
-163330.087180	-0.001048	-0.024712
-163574.227805	-0.018057	-0.038640
-163818.368430	-0.027268	-0.000819
-164062.509055	0.003500	-0.015894
-164306.649680	0.021626	-0.060855
-164550.790305	0.014437	-0.027074
-164794.930930	0.012233	-0.032391
-165039.071555	0.004143	0.000502
-165283.212180	0.039935	0.013691
-165527.352805	0.023420	-0.021109
-165771.493430	-0.069337	0.027549
-166015.634055	-0.033724	-0.009689
-166259.774680	-0.011392	-0.033440
-166503.915305	0.005223	-0.021466
-166748.055930	0.013825	-0.063213
-166992.196555	0.039317	-0.059543
-167236.337180	-0.038085	0.003995
-167480.477805	-0.015122	-0.008374
-167724.618430	-0.028078	0.006706
-167968.759055	-0.013826	-0.033242
-168212.899680	-0.015977	-0.020475
-168457.040305	-0.028091	-0.003795
-168701.180930	0.026210	-0.007547
-168945.321555	-0.017018	-0.027979
-169189.462180	-0.013485	-0.036751
-169433.602805	0.022746	0.014195
-169677.743430	0.012281	-0.026807
-169921.884055	-0.041084	-0.009868
-170166.024680	0.023657	-0.061573
-170410.165305	0.045940	-0.038109
-170654.305930	0.047636	-0.032108
-170898.446555	-0.003830	-0.054984
-171142.587180	-0.034443	-0.021943
-171386.727805	-0.014620	-0.039024
-171630.868430	-0.025455	-0.021844
-171875.009055	-0.011535	-0.023420
-172119.149680	-0.023491	-0.003862
-172363.290305	0.000611	-0.015960
-172607.430930	0.008148	-0.010937
-172851.571555	0.001365	-0.044258
-173095.712180	-0.030935	-0.016575
-173339.852805	-0.052595	-0.039268
-173583.993430	0.014966	-0.038331
-173828.134055	-0.000955	-0.006905
-174072.274680	0.001421	-0.024813
-174316.415305	0.008971	-0.020044
-174560.555930	0.000469	-0.008563
-174804.696555	-0.027690	-0.024047
-175048.837180	-0.032394	-0.011589
-175292.977805	0.010153	-0.017732
-175537.118430	-0.003408	-0.045047
-175781.259055	-0.018219	0.009293
-176025.399680	0.017688	-0.040852
-176269.540305	0.015952	-0.000353
-176513.680930	0.000485	-0.006215
-176757.821555	-0.009197	0.007260
-177001.962180	0.013494	-0.029603
-177246.102805	0.042387	0.016067
-177490.243430	-0.017332	0.010164
-177734.384055	-0.012324	0.002432
-177978.524680	0.012551	-0.055520
-178222.665305	0.024061	0.004220
-178466.805930	0.046646	-0.016024
-178710.946555	-0.032216	-0.028229
-178955.087180	-0.002502	-0.020060
-179199.227805	0.020396	0.008556
-179443.368430	-0.029169	-0.028889
-179687.509055	-0.023685	-0.003696
-179931.649680	-0.048162	-0.038763
-180175.790305	-0.035379	-0.024985
-180419.930930	0.006658	-0.019260
-180664.071555	-0.011068	0.027133
-180908.212180	-0.025171	-0.005880
-181152.352805	-0.028190	0.016557
-181396.493430	0.034459	-0.007535
-181640.634055	-0.005768	-0.030946
-181884.774680	0.034636	-0.011799
-182128.915305	-0.017686	-0.055490
-182373.055930	-0.031869	-0.027676
-182617.196555	-0.015295	-0.053233
-182861.337180	0.011852	-0.031911
-183105.477805	0.001701	-0.040231
-183349.618430	-0.012472	0.001389
-183593.759055	-0.022299	-0.018760
-183837.899680	-0.027075	-0.025438
-184082.040305	-0.045012	-0.028796
-184326.180930	0.020468	-0.042600
-184570.321555	-0.030330	-0.044704
-184814.462180	-0.035007	0.001806
-185058.602805	-0.036664	-0.027332
-185302.743430	-0.007713	-0.037469
-185546.884055	-0.001238	0.015716
-185791.024680	0.038245	-0.008182
-186035.165305	-0.018876	0.000734
-186279.305930	-0.027496	-0.016242
-186523.446555	-0.024702	-0.010453
-186767.587180	0.004375	0.028866
-187011.727805	-0.016545	0.000897
-187255.868430	0.026915	-0.045718
-187500.009055	-0.036787	-0.014564
-187744.149680	0.009403	-0.019562
-187988.290305	-0.049477	-0.011440
-188232.430930	-0.016760	-0.038694
-188476.571555	-0.019642	-0.015350
-188720.712180	-0.002782	-0.037002
-188964.852805	-0.008706	0.013676
-189208.993430	-0.024081	-0.034391
-189453.134055	0.005442	0.003766
-189697.274680	0.013267	-0.010626
-189941.415305	-0.025365	-0.020299
-190185.555930	0.032495	-0.016622
-190429.696555	-0.000204	-0.010418
-190673.837180	-0.045797	-0.007457
-190917.977805	0.003915	-0.028964
-191162.118430	-0.045795	0.014231
-191406.259055	0.001199	-0.033212
-191650.399680	-0.025739	-0.028857
-191894.540305	-0.021810	0.038013
-192138.680930	0.026634	-0.018401
-192382.821555	-0.006367	-0.036983
-192626.962180	-0.018509	-0.009651
-192871.102805	-0.004277	-0.057890
-193115.243430	-0.015761	-0.019001
-193359.384055	-0.006514	-0.011698
-193603.524680	-0.017998	0.040040
-193847.665305	-0.027192	-0.021631
-194091.805930	-0.017844	0.016379
-194335.946555	0.038853	0.036258
-194580.087180	-0.028946	-0.021092
-194824.227805	-0.024384	0.028952
-195068.368430	-0.031184	0.006631
-195312.509055	-0.011337	0.016700
-195556.649680	-0.025073	-0.007215
-195800.790305	-0.062283	0.022329
-196044.930930	-0.012324	-0.027332
-196289.071555	0.028690	-0.007100
-196533.212180	0.042448	0.099362
-196777.352805	-0.027835	0.055252
-197021.493430	-0.008125	0.002032
-197265.634055	-0.023925	0.029495
-197509.774680	-0.009531	-0.046637
-197753.915305	-0.029020	-0.019416
-197998.055930	-0.041385	-0.038311
-198242.196555	-0.007433	-0.044883
-198486.337180	0.034109	-0.003413
-198730.477805	-0.047805	-0.019649
-198974.618430	0.003204	-0.006009
-199218.759055	-0.005333	0.021697
-199462.899680	-0.018300	-0.027523
-199707.040305	-0.026604	-0.020761
-199951.180930	0.019291	-0.034197
-200195.321555	0.017488	-0.018918
-200439.462180	-0.027934	0.007707
-200683.602805	0.006016	-0.026604
-200927.743430	-0.016656	-0.009666
-201171.884055	-0.013885	-0.004950
-201416.024680	0.024283	-0.024825
-201660.165305	-0.072228	-0.019447
-201904.305930	-0.022873	-0.030301
-202148.446555	-0.025547	0.022218
-202392.587180	-0.052047	-0.015281
-202636.727805	-0.023148	-0.007574
-202880.868430	-0.020764	0.014720
-203125.009055	0.029678	0.039869
-203369.149680	0.028866	-0.002121
-203613.290305	0.009957	0.006753
-203857.430930	0.007454	-0.003104
-204101.571555	-0.001106	0.045763
-204345.712180	0.013369	-0.024997
-204589.852805	-0.003401	-0.000227
-204833.993430	0.001975	-0.010579
-205078.134055	-0.041638	-0.005981
-205322.274680	0.003027	-0.022314
-205566.415305	-0.035455	-0.035977
-205810.555930	-0.001166	0.007565
-206054.696555	0.010199	-0.025834
-206298.837180	-0.007710	-0.034920
-206542.977805	-0.042692	-0.034466
-206787.118430	-0.006812	0.028943
-207031.259055	0.010557	-0.042002
-207275.399680	0.011629	-0.072389
-207519.540305	-0.040702	-0.045705
-207763.680930	0.042813	-0.023523
-208007.821555	0.036088	-0.043577
-208251.962180	0.019592	0.001415
-208496.102805	0.013578	0.006405
-208740.243430	0.003334	-0.026786
-208984.384055	-0.012713	-0.001671
-209228.524680	0.009330	-0.006385
-209472.665305	0.008369	-0.022502
-209716.805930	-0.005710	0.021079
-209960.946555	-0.041068	0.008452
-210205.087180	0.003884	0.037933
-210449.227805	-0.064321	-0.014417
-210693.368430	-0.022862	-0.010100
-210937.509055	-0.015830	-0.011423
-211181.649680	0.000239	-0.040675
-211425.790305	-0.031106	0.006185
-211669.930930	-0.002817	0.004766
-211914.071555	-0.030187	-0.007583
-212158.212180	0.006801	0.028138
-212402.352805	-0.039162	0.019843
-212646.493430	-0.028603	-0.011119
-212890.634055	-0.019352	-0.029391
-213134.774680	-0.019936	0.010336
-213378.915305	-0.030104	-0.039130
-213623.055930	0.013542	0.038625
-213867.196555	-0.009907	-0.070000
-214111.337180	-0.035172	-0.050562
-214355.477805	-0.008592	0.003587
-214599.618430	-0.020924	-0.008821
-214843.759055	0.034775	-0.019147
-215087.899680	0.004212	-0.018030
-215332.040305	0.000774	-0.024863
-215576.180930	-0.020536	-0.005707
-215820.321555	0.042395	-0.047513
-216064.462180	-0.025927	-0.010496
-216308.602805	0.027099	0.006589
-216552.743430	0.040014	-0.024106
-216796.884055	-0.003893	-0.032574
-217041.024680	0.023357	-0.028099
-217285.165305	-0.014925	-0.003672
-217529.305930	0.007762	0.019563
-217773.446555	-0.016152	0.012291
-218017.587180	0.012674	-0.029029
-218261.727805	0.004861	0.008862
-218505.868430	-0.001726	0.002013
-218750.009055	0.001870	-0.021625
-218994.149680	-0.010232	-0.018167
-219238.290305	0.022342	0.009954
-219482.430930	-0.031556	-0.034621
-219726.571555	-0.039439	-0.011080
-219970.712180	-0.005901	0.004446
-220214.852805	-0.012865	0.029326
-220458.993430	0.003406	0.015386
-220703.134055	-0.030816	-0.044687
-220947.274680	0.020914	-0.013468
-221191.415305	0.004535	0.013317
-221435.555930	-0.032653	-0.018006
-221679.696555	0.000377	-0.017977
-221923.837180	-0.013824	0.031934
-222167.977805	-0.018775	-0.025682
-222412.118430	-0.000153	-0.001969
-222656.259055	0.012686	-0.004805
-222900.399680	-0.027279	0.004773
-223144.540305	0.016710	-0.002864
-223388.680930	0.019900	0.017350
-223632.821555	0.026492	0.000139
-223876.962180	0.036827	-0.048461
-224121.102805	-0.044025	0.020634
-224365.243430	-0.013162	-0.038369
-224609.384055	-0.008503	-0.005774
-224853.524680	0.004690	-0.009727
-225097.665305	-0.055655	-0.012881
-225341.805930	-0.054939	-0.019406
-225585.946555	0.007626	0.000260
-225830.087180	-0.024127	0.006774
-226074.227805	-0.000825	-0.034874
-226318.368430	0.009278	-0.041004
-226562.509055	-0.035296	-0.000859
-226806.649680	0.011951	-0.016823
-227050.790305	0.003818	-0.024028
-227294.930930	-0.046151	0.010741
-227539.071555	0.014440	0.027479
-227783.212180	-0.031590	0.019154
-228027.352805	-0.016767	0.020643
-228271.493430	-0.063797	-0.002416
-228515.634055	-0.018560	0.029052
-228759.774680	0.016018	0.012086
-229003.915305	-0.057597	-0.021309
-229248.055930	-0.034360	0.049972
-229492.196555	-0.025860	-0.007425
-229736.337180	0.016788	0.030081
-229980.477805	-0.027109	-0.010411
-230224.618430	-0.020741	-0.034974
-230468.759055	0.022248	0.010346
-230712.899680	-0.031599	-0.001811
-230957.040305	-0.045431	-0.000009
-231201.180930	-0.025183	-0.054829
-231445.321555	0.010580	0.005672
-231689.462180	-0.005266	-0.018042
-231933.602805	-0.012515	0.007060
-232177.743430	0.005704	-0.004867
-232421.884055	0.012995	0.009081
-232666.024680	0.018954	0.017677
-232910.165305	0.005777	0.007001
-233154.305930	-0.009503	0.009520
-233398.446555	0.004810	0.026702
-233642.587180	-0.022437	-0.036858
-233886.727805	0.012322	0.037806
-234130.868430	-0.055449	0.004484
-234375.009055	-0.007573	0.005661
-234619.149680	0.003892	0.039446
-234863.290305	-0.030024	0.026049
-235107.430930	-0.018982	-0.036447
-235351.571555	-0.034094	0.020700
-235595.712180	0.019669	0.011695
-235839.852805	-0.024245	0.021725
-236083.993430	0.013366	-0.020965
-236328.134055	-0.014567	0.008457
-236572.274680	-0.009634	-0.018328
-236816.415305	-0.015145	-0.010103
-237060.555930	0.003386	0.006047
-237304.696555	-0.011327	-0.008492
-237548.837180	0.001854	-0.020833
-237792.977805	-0.020262	0.013173
-238037.118430	0.003441	0.020863
-238281.259055	-0.022476	0.026527
-238525.399680	-0.036688	0.007389
-238769.540305	-0.021401	0.020120
-239013.680930	-0.037868	-0.004040
-239257.821555	0.020869	0.032158
-239501.962180	-0.012420	0.012903
-239746.102805	0.040018	0.014771
-239990.243430	-0.020092	-0.009224
-240234.384055	0.011932	-0.017063
-240478.524680	-0.008964	-0.004888
-240722.665305	0.039699	0.001435
-240966.805930	-0.020812	0.019103
-241210.946555	-0.034918	-0.012542
-241455.087180	0.001578	-0.021276
-241699.227805	-0.032676	-0.008976
-241943.368430	-0.033491	0.013790
-242187.509055	0.003177	-0.054645
-242431.649680	-0.011871	-0.020457
-242675.790305	-0.031410	-0.002147
-242919.930930	0.008735	0.021415
-243164.071555	-0.021802	0.013933
-243408.212180	0.005539	-0.015872
-243652.352805	-0.003408	-0.016096
-243896.493430	0.025154	0.045760
-244140.634055	-0.025556	0.010062
-244384.774680	-0.005309	0.016589
-244628.915305	0.045672	-0.003469
-244873.055930	0.030570	0.015305
-245117.196555	-0.012712	-0.003359
-245361.337180	-0.001167	-0.028281
-245605.477805	0.018487	0.016685
-245849.618430	-0.051669	0.006657
-246093.759055	-0.001965	0.001590
-246337.899680	-0.010316	0.007170
-246582.040305	-0.036833	-0.009705
-246826.180930	0.000946	-0.000759
-247070.321555	0.027105	0.019199
-247314.462180	0.006100	0.043484
-247558.602805	-0.008556	0.008740
-247802.743430	-0.035588	0.026162
-248046.884055	0.016174	-0.019391
-248291.024680	-0.010667	0.006246
-248535.165305	0.024181	-0.026070
-248779.305930	0.009751	-0.005511
-249023.446555	-0.009772	-0.001588
-249267.587180	0.011877	0.023070
-249511.727805	0.029944	0.028933
-249755.868430	-0.014811	-0.026189
