# sample	expno	ns	int		R
# otp	38	128	5.604128	1.884481
31249.998868	0.005965	0.001006
31005.858243	0.007776	-0.000348
30761.717618	0.005569	-0.000539
30517.576993	0.002488	0.003713
30273.436368	0.003665	-0.001959
30029.295743	0.004553	0.000020
29785.155118	0.007251	0.000120
29541.014493	0.005000	0.004260
29296.873868	0.000893	0.000199
29052.733243	0.002080	0.004815
28808.592618	0.003066	0.008507
28564.451993	0.004928	0.002509
28320.311368	0.003943	0.006559
28076.170743	0.005290	0.007118
27832.030118	0.003226	0.007329
27587.889493	0.003279	0.005805
27343.748868	0.002417	0.008007
27099.608243	0.004129	0.007847
26855.467618	0.001921	0.007189
26611.326993	0.001718	0.007260
26367.186368	0.001001	0.009309
26123.045743	0.004274	0.008106
25878.905118	0.005329	0.009247
25634.764493	0.003991	0.017628
25390.623868	0.004113	0.014074
25146.483243	0.000343	0.011802
24902.342618	0.004208	0.012857
24658.201993	0.003584	0.012835
24414.061368	0.004523	0.015492
24169.920743	0.002537	0.015809
23925.780118	0.002520	0.013892
23681.639493	0.003717	0.018223
23437.498868	0.002535	0.016878
23193.358243	0.000360	0.015577
22949.217618	0.001650	0.012608
22705.076993	0.002197	0.018496
22460.936368	0.003299	0.019060
22216.795743	0.001378	0.016511
21972.655118	0.003281	0.018418
21728.514493	0.001688	0.019697
21484.373868	0.001554	0.021310
21240.233243	0.002561	0.022985
20996.092618	0.002127	0.024371
20751.951993	0.002743	0.023697
20507.811368	0.004523	0.018469
20263.670743	0.005042	0.022438
20019.530118	0.001073	0.024142
19775.389493	0.003060	0.024210
19531.248868	0.002500	0.027821
19287.108243	0.003768	0.024450
19042.967618	0.005876	0.025276
18798.826993	0.003104	0.024110
18554.686368	0.002832	0.026355
18310.545743	0.002695	0.026236
18066.405118	0.005610	0.027439
17822.264493	0.001296	0.032030
17578.123868	0.003458	0.032642
17333.983243	0.003719	0.027507
17089.842618	0.000271	0.033669
16845.701993	0.002670	0.028777
16601.561368	0.002557	0.032131
16357.420743	0.004206	0.034802
16113.280118	0.003515	0.034258
15869.139493	0.000802	0.035529
15624.998868	0.005761	0.038028
15380.858243	0.002449	0.036676
15136.717618	0.002538	0.039062
14892.576993	0.002057	0.040155
14648.436368	0.004487	0.042853
14404.295743	0.001976	0.042031
14160.155118	0.004318	0.040960
13916.014493	0.005233	0.043115
13671.873868	0.006343	0.044080
13427.733243	0.001411	0.043721
13183.592618	0.003794	0.043402
12939.451993	0.005098	0.047767
12695.311368	0.006240	0.048902
12451.170743	0.004407	0.049268
12207.030118	0.002268	0.047853
11962.889493	0.003757	0.051823
11718.748868	-0.009309	0.053696
11474.608243	0.009451	0.054366
11230.467618	0.006338	0.054257
10986.326993	0.003110	0.057854
10742.186368	0.006312	0.061262
10498.045743	0.001770	0.062894
10253.905118	0.004959	0.063579
10009.764493	0.003340	0.068894
9765.623868	0.008468	0.066426
9521.483243	0.007390	0.065946
9277.342618	0.008724	0.071504
9033.201993	0.007393	0.074836
8789.061368	0.004143	0.074130
8544.920743	0.003609	0.080094
8300.780118	0.008298	0.079376
8056.639493	0.006496	0.081650
7812.498868	0.005049	0.084525
7568.358243	0.008931	0.086299
7324.217618	0.009007	0.091621
7080.076993	0.006635	0.091287
6835.936368	0.005726	0.100850
6591.795743	0.009557	0.100767
6347.655118	0.010049	0.106062
6103.514493	0.007745	0.111887
5859.373868	0.012415	0.114739
5615.233243	0.012508	0.118161
5371.092618	0.011001	0.125952
5126.951993	0.014441	0.130400
4882.811368	0.016733	0.135893
4638.670743	0.016563	0.141934
4394.530118	0.015113	0.153086
4150.389493	0.016361	0.159330
3906.248868	0.023997	0.171420
3662.108243	0.019484	0.183858
3417.967618	0.022479	0.197018
3173.826993	0.026433	0.208941
2929.686368	0.031909	0.227295
2685.545743	0.036401	0.242485
2441.405118	0.042115	0.268156
2197.264493	0.045101	0.294939
1953.123868	0.048482	0.331179
1708.983243	0.065908	0.376926
1464.842618	0.090207	0.431893
1220.701993	0.120055	0.505349
976.561368	0.156310	0.608035
732.420743	0.231118	0.784203
488.280118	0.417677	1.074128
244.139493	0.987307	1.612195
-0.001132	3.653442	0.169899
-244.141757	1.012693	-1.952047
-488.282382	0.377719	-1.157882
-732.423007	0.204249	-0.828779
-976.563632	0.120450	-0.652038
-1220.704257	0.083600	-0.524848
-1464.844882	0.061233	-0.441395
-1708.985507	0.050599	-0.386328
-1953.126132	0.037707	-0.340629
-2197.266757	0.028507	-0.299470
-2441.407382	0.024197	-0.271998
-2685.548007	0.021930	-0.245824
-2929.688632	0.018255	-0.227611
-3173.829257	0.018228	-0.211821
-3417.969882	0.015919	-0.197448
-3662.110507	0.015201	-0.184143
-3906.251132	0.007587	-0.172897
-4150.391757	0.011961	-0.163794
-4394.532382	0.009306	-0.156509
-4638.673007	0.008476	-0.147359
-4882.813632	0.005351	-0.140437
-5126.954257	0.004147	-0.132198
-5371.094882	0.005176	-0.128573
-5615.235507	0.003527	-0.121448
-5859.376132	0.003837	-0.120596
-6103.516757	-0.002280	-0.119744
-6347.657382	0.020148	-0.085680
-6591.798007	0.008298	-0.096540
-6835.938632	0.006107	-0.095264
-7080.079257	0.005815	-0.092004
-7324.219882	0.006006	-0.089070
-7568.360507	0.000966	-0.086462
-7812.501132	0.003474	-0.085556
-8056.641757	0.002437	-0.081547
-8300.782382	0.003887	-0.079410
-8544.923007	0.002140	-0.075205
-8789.063632	0.001202	-0.073471
-9033.204257	0.008007	-0.072749
-9277.344882	0.002390	-0.072166
-9521.485507	0.000680	-0.067997
-9765.626132	0.001530	-0.066409
-10009.766757	0.002544	-0.062989
-10253.907382	0.000193	-0.060962
-10498.048007	0.003227	-0.061293
-10742.188632	0.002681	-0.055925
-10986.329257	0.002008	-0.057092
-11230.469882	0.004054	-0.053975
-11474.610507	0.004684	-0.052565
-11718.751132	0.005745	-0.043623
-11962.891757	0.000020	-0.052259
-12207.032382	0.001681	-0.052047
-12451.173007	0.002336	-0.047457
-12695.313632	0.003437	-0.047741
-12939.454257	0.005901	-0.046504
-13183.594882	0.007687	-0.046048
-13427.735507	-0.001294	-0.047393
-13671.876132	0.002525	-0.044081
-13916.016757	0.002689	-0.039858
-14160.157382	0.002648	-0.041071
-14404.298007	0.002166	-0.039070
-14648.438632	0.002815	-0.042475
-14892.579257	0.001484	-0.039458
-15136.719882	0.004920	-0.038106
-15380.860507	0.000633	-0.034962
-15625.001132	-0.000246	-0.035179
-15869.141757	0.003875	-0.034540
-16113.282382	-0.002128	-0.033652
-16357.423007	0.001877	-0.033874
-16601.563632	0.001588	-0.033647
-16845.704257	0.000235	-0.029070
-17089.844882	0.004611	-0.033074
-17333.985507	0.001372	-0.031339
-17578.126132	0.003445	-0.031030
-17822.266757	0.001253	-0.029056
-18066.407382	0.000164	-0.025659
-18310.548007	0.005137	-0.025488
-18554.688632	0.000858	-0.024014
-18798.829257	0.003946	-0.029444
-19042.969882	0.002090	-0.025065
-19287.110507	0.001671	-0.022383
-19531.251132	0.004805	-0.022948
-19775.391757	0.007529	-0.024900
-20019.532382	0.004079	-0.025542
-20263.673007	0.003391	-0.023496
-20507.813632	0.004184	-0.022037
-20751.954257	0.001893	-0.020728
-20996.094882	0.003268	-0.019800
-21240.235507	0.003703	-0.018484
-21484.376132	0.002900	-0.022950
-21728.516757	0.003190	-0.019068
-21972.657382	0.001080	-0.017022
-22216.798007	0.003244	-0.016563
-22460.938632	-0.000262	-0.019272
-22705.079257	0.004503	-0.016458
-22949.219882	0.006027	-0.016058
-23193.360507	0.004325	-0.015554
-23437.501132	0.001266	-0.016266
-23681.641757	0.004474	-0.013327
-23925.782382	0.003047	-0.015194
-24169.923007	0.005375	-0.013748
-24414.063632	0.003041	-0.014518
-24658.204257	0.003135	-0.014370
-24902.344882	0.003690	-0.011753
-25146.485507	-0.000593	-0.014589
-25390.626132	0.004037	-0.010011
-25634.766757	-0.001357	-0.010703
-25878.907382	0.009279	-0.010526
-26123.048007	0.005639	-0.010587
-26367.188632	0.005680	-0.011302
-26611.329257	0.004883	-0.007051
-26855.469882	0.002128	-0.010890
-27099.610507	0.005633	-0.007154
-27343.751132	0.006232	-0.010039
-27587.891757	0.003906	-0.008281
-27832.032382	0.005897	-0.006837
-28076.173007	0.004563	-0.007917
-28320.313632	0.006372	-0.005650
-28564.454257	0.004171	-0.003932
-28808.594882	0.005708	-0.006293
-29052.735507	0.004413	-0.008725
-29296.876132	0.004129	-0.006380
-29541.016757	0.003715	-0.001382
-29785.157382	0.006382	-0.002871
-30029.298007	0.001816	-0.000021
-30273.438632	0.004603	-0.002566
-30517.579257	0.001617	0.000484
-30761.719882	0.000821	-0.004303
-31005.860507	0.004157	0.000644
