# sample	expno	ns	int		R
# otp	32	4096	-1.895174	2.731567
833333.408122	-0.404412	0.007062
826822.991619	-0.545091	-0.122229
820312.575115	-0.610229	-0.075007
813802.158611	-0.560821	-0.012166
807291.742107	-0.601213	-0.000526
800781.325603	-0.554609	-0.024849
794270.909099	-0.223892	-0.116727
787760.492595	-0.321177	0.035971
781250.076091	-0.237563	0.033030
774739.659587	-0.363252	-0.191680
768229.243083	-0.470759	-0.180937
761718.826579	-0.415760	-0.101444
755208.410076	-0.372243	0.133723
748697.993572	-0.437971	-0.107388
742187.577068	-0.338369	0.090549
735677.160564	-0.180465	0.017814
729166.744060	-0.163365	-0.239909
722656.327556	-0.358585	-0.157248
716145.911052	-0.232668	-0.116960
709635.494548	-0.594109	-0.164171
703125.078044	-0.393610	-0.153939
696614.661540	-0.318936	-0.015487
690104.245037	-0.331356	-0.065239
683593.828533	-0.452571	-0.341907
677083.412029	-0.204856	-0.200046
670572.995525	-0.426662	-0.003265
664062.579021	-0.475824	-0.099819
657552.162517	-0.390856	-0.091197
651041.746013	-0.274810	0.003720
644531.329509	-0.307841	-0.167892
638020.913005	-0.627159	-0.213705
631510.496501	-0.458563	-0.054215
625000.079997	-0.437456	-0.181822
618489.663494	-0.458063	-0.059397
611979.246990	-0.532683	-0.369028
605468.830486	-0.475743	-0.250617
598958.413982	-0.403409	-0.285661
592447.997478	-0.534527	-0.066253
585937.580974	-0.420349	-0.037080
579427.164470	-0.369662	-0.134475
572916.747966	-0.404742	0.022372
566406.331462	-0.247033	-0.047415
559895.914958	-0.407112	-0.229415
553385.498454	-0.411411	-0.209677
546875.081951	-0.231094	-0.144842
540364.665447	-0.309161	-0.270326
533854.248943	-0.352805	-0.366221
527343.832439	-0.462782	-0.296317
520833.415935	-0.383296	-0.056766
514322.999431	-0.308876	-0.342580
507812.582927	-0.466715	-0.257477
501302.166423	-0.369631	-0.163954
494791.749919	-0.616073	-0.230912
488281.333415	-0.444695	-0.083687
481770.916912	-0.455516	-0.214049
475260.500408	-0.601602	-0.079136
468750.083904	-0.641905	-0.180771
462239.667400	-0.498496	-0.039836
455729.250896	-0.499815	0.148207
449218.834392	-0.173593	0.125572
442708.417888	-0.140090	0.053106
436198.001384	-0.185054	-0.045927
429687.584880	-0.231452	-0.062250
423177.168376	-0.179994	-0.366430
416666.751872	-0.257115	-0.155746
410156.335369	-0.476091	-0.285063
403645.918865	-0.461575	-0.279771
397135.502361	-0.491966	-0.170684
390625.085857	-0.389870	-0.301093
384114.669353	-0.324332	-0.277708
377604.252849	-0.483094	-0.039541
371093.836345	-0.303452	-0.169149
364583.419841	-0.428972	-0.070670
358073.003337	-0.325093	-0.089844
351562.586833	-0.301924	-0.039933
345052.170329	-0.368807	0.038804
338541.753826	-0.262710	-0.145750
332031.337322	-0.511335	-0.115053
325520.920818	-0.339300	-0.152914
319010.504314	-0.381415	-0.109749
312500.087810	-0.247009	-0.332556
305989.671306	-0.456130	-0.293244
299479.254802	-0.207357	-0.368836
292968.838298	-0.565604	-0.251777
286458.421794	-0.564884	-0.304579
279948.005290	-0.701803	-0.155961
273437.588787	-0.408765	-0.095084
266927.172283	-0.571664	-0.197245
260416.755779	-0.438113	-0.055013
253906.339275	-0.320906	-0.039720
247395.922771	-0.321623	0.031783
240885.506267	-0.154721	0.058746
234375.089763	-0.419560	0.154657
227864.673259	-0.027559	0.069409
221354.256755	-0.189955	0.101807
214843.840251	-0.260730	-0.288762
208333.423747	-0.260227	-0.304397
201823.007244	-0.354123	-0.259919
195312.590740	-0.513288	-0.206494
188802.174236	-0.481821	-0.052233
182291.757732	-0.465966	-0.159876
175781.341228	-0.293654	0.067482
169270.924724	-0.300837	0.057819
162760.508220	-0.164707	-0.172278
156250.091716	-0.325669	-0.187305
149739.675212	-0.422683	-0.102895
143229.258708	-0.313025	-0.215144
136718.842205	-0.581289	-0.278058
130208.425701	-0.557905	-0.173837
123698.009197	-0.424499	-0.319548
117187.592693	-0.496688	-0.078822
110677.176189	-0.273775	0.394056
104166.759685	0.020147	0.198176
97656.343181	-0.202916	-0.000784
91145.926677	-0.320993	-0.104409
84635.510173	-0.474551	-0.079223
78125.093669	-0.380332	0.146034
71614.677165	-0.291419	-0.135512
65104.260662	-0.465342	0.098563
58593.844158	-0.340892	0.074290
52083.427654	-0.268571	0.165006
45573.011150	-0.170728	0.264414
39062.594646	-0.177663	0.254558
32552.178142	-0.267736	0.197090
26041.761638	-0.100352	0.660104
19531.345134	0.184126	0.847152
13020.928630	0.143370	1.230232
6510.512126	1.457055	2.720384
0.095622	6.194702	-1.929303
-6510.320881	0.542945	-3.575272
-13020.737385	-0.236603	-2.828705
-19531.153889	-0.346271	-2.206179
-26041.570393	-1.023075	-1.960541
-32551.986897	-0.965251	-1.598491
-39062.403401	-0.897316	-1.465675
-45572.819905	-1.051464	-1.651600
-52083.236409	-1.318522	-1.467910
-58593.652913	-1.613367	-1.370676
-65104.069417	-2.246964	-1.129331
-71614.485920	-0.902897	-0.036924
-78124.902424	-1.307639	-0.346793
-84635.318928	-1.305288	-0.561314
-91145.735432	-1.144389	-0.397659
-97656.151936	-1.202611	-0.248887
-104166.568440	-1.141335	-0.148077
-110676.984944	-1.200701	0.016998
-117187.401448	-0.889830	0.235545
-123697.817952	-1.070691	-0.133264
-130208.234456	-0.982029	0.073973
-136718.650960	-0.684975	-0.022518
-143229.067463	-0.797327	0.299430
-149739.483967	-0.473678	0.022830
-156249.900471	-0.631580	-0.128352
-162760.316975	-0.416916	-0.213975
-169270.733479	-0.682907	-0.041844
-175781.149983	-0.512308	-0.112315
-182291.566487	-0.488048	-0.367831
-188801.982991	-0.764320	-0.106366
-195312.399495	-0.723467	-0.291877
-201822.815999	-0.803515	-0.022720
-208333.232503	-0.766375	-0.078155
-214843.649006	-0.519692	-0.141326
-221354.065510	-0.646107	-0.112200
-227864.482014	-0.728827	0.072942
-234374.898518	-0.825310	0.076623
-240885.315022	-0.567882	0.297654
-247395.731526	-0.769795	0.072726
-253906.148030	-0.550344	0.031799
-260416.564534	-0.558241	0.154008
-266926.981038	-0.566773	-0.157655
-273437.397542	-0.367383	-0.017510
-279947.814046	-0.547903	-0.167547
-286458.230549	-0.576752	-0.008248
-292968.647053	-0.389501	-0.002034
-299479.063557	-0.444962	-0.027280
-305989.480061	-0.709850	-0.141136
-312499.896565	-0.617567	-0.031152
-319010.313069	-0.327400	-0.052075
-325520.729573	-0.426140	-0.326831
-332031.146077	-0.449485	-0.303357
-338541.562581	-0.427398	-0.029190
-345051.979085	-0.247071	-0.178729
-351562.395588	-0.633476	-0.186843
-358072.812092	-0.376421	-0.297966
-364583.228596	-0.333493	-0.265847
-371093.645100	-0.612222	-0.120161
-377604.061604	-0.415887	-0.228109
-384114.478108	-0.627937	-0.142739
-390624.894612	-0.491799	-0.207842
-397135.311116	-0.304792	0.059546
-403645.727620	-0.953454	0.088170
-410156.144124	-0.574736	0.267622
-416666.560628	-0.333274	0.098513
-423176.977131	-0.592811	-0.160732
-429687.393635	-0.667883	-0.149160
-436197.810139	-0.742570	0.020097
-442708.226643	-0.635636	-0.169202
-449218.643147	-0.426046	0.010348
-455729.059651	-0.624700	0.109238
-462239.476155	-0.482411	-0.092212
-468749.892659	-0.641190	-0.267916
-475260.309163	-0.412019	-0.050263
-481770.725667	-0.489802	-0.136063
-488281.142171	-0.364282	0.056753
-494791.558674	-0.404948	0.033968
-501301.975178	-0.267369	-0.001483
-507812.391682	-0.503151	-0.176654
-514322.808186	-0.525994	-0.098482
-520833.224690	-0.477257	0.029884
-527343.641194	-0.387785	-0.173716
-533854.057698	-0.510734	-0.164952
-540364.474202	-0.359106	-0.021138
-546874.890706	-0.244465	-0.152356
-553385.307210	-0.469658	0.057204
-559895.723713	-0.685878	0.006790
-566406.140217	-0.618875	0.049593
-572916.556721	-0.547430	0.020221
-579426.973225	-0.576963	0.009105
-585937.389729	-0.513446	-0.046254
-592447.806233	-0.606207	0.164010
-598958.222737	-0.476448	0.198844
-605468.639241	-0.282489	0.080440
-611979.055745	-0.240933	-0.039097
-618489.472249	-0.179400	-0.075541
-624999.888753	-0.115665	-0.110331
-631510.305256	-0.240828	-0.187300
-638020.721760	-0.156427	-0.101951
-644531.138264	-0.376780	-0.078660
-651041.554768	-0.287212	-0.367305
-657551.971272	-0.543482	-0.385947
-664062.387776	-0.488074	-0.387036
-670572.804280	-0.401922	-0.166441
-677083.220784	-0.356338	-0.147565
-683593.637288	-0.375173	-0.040349
-690104.053792	-0.394312	-0.209343
-696614.470296	-0.207909	-0.109467
-703124.886799	-0.216988	0.032907
-709635.303303	-0.582693	-0.123791
-716145.719807	-0.319328	-0.186305
-722656.136311	-0.183794	-0.234163
-729166.552815	-0.497102	-0.252522
-735676.969319	-0.649262	-0.478480
-742187.385823	-0.593613	-0.092577
-748697.802327	-0.749627	0.016673
-755208.218831	-0.487277	0.123855
-761718.635335	-0.415292	0.024051
-768229.051838	-0.348028	-0.075679
-774739.468342	-0.296173	-0.107133
-781249.884846	-0.496519	-0.140117
-787760.301350	-0.563575	0.054503
-794270.717854	-0.605820	0.020025
-800781.134358	-0.359778	-0.203726
-807291.550862	-0.552335	-0.244495
-813801.967366	-0.366815	-0.051689
-820312.383870	-0.415042	0.014309
-826822.800374	-0.381239	0.017011
