# sample	expno	ns	int		R
# otp	40	64	13.147947	10.098861
31249.998868	0.037606	0.004542
31005.858243	0.013795	0.027761
30761.717618	0.029213	0.028729
30517.576993	0.058196	0.042578
30273.436368	0.038810	0.056134
30029.295743	0.065529	0.067819
29785.155118	0.007605	0.039343
29541.014493	0.044735	0.040615
29296.873868	-0.011798	0.024766
29052.733243	0.014873	0.026749
28808.592618	0.029508	0.056514
28564.451993	0.044128	0.058393
28320.311368	0.011363	0.035157
28076.170743	0.046299	0.026945
27832.030118	0.023635	0.045067
27587.889493	0.001046	0.062982
27343.748868	0.028868	0.038327
27099.608243	0.033556	0.050047
26855.467618	0.041859	0.031542
26611.326993	0.012866	0.059806
26367.186368	0.012019	0.078483
26123.045743	0.044783	0.068593
25878.905118	0.033465	0.063426
25634.764493	-0.021308	0.072130
25390.623868	-0.019193	0.072053
25146.483243	0.038436	0.063727
24902.342618	0.027905	0.073919
24658.201993	0.104927	-0.072494
24414.061368	-0.013381	0.167200
24169.920743	0.023983	0.093576
23925.780118	0.038710	0.088308
23681.639493	0.026511	0.099069
23437.498868	0.000622	0.096865
23193.358243	0.008176	0.130871
22949.217618	0.018583	0.103920
22705.076993	0.012935	0.078930
22460.936368	0.020346	0.111476
22216.795743	0.002285	0.104250
21972.655118	0.024257	0.103100
21728.514493	0.005255	0.107896
21484.373868	0.011488	0.097332
21240.233243	-0.004533	0.132542
20996.092618	0.043922	0.124772
20751.951993	-0.002620	0.084206
20507.811368	0.032582	0.145474
20263.670743	0.025976	0.143973
20019.530118	0.026384	0.126548
19775.389493	0.010615	0.104647
19531.248868	0.034236	0.156958
19287.108243	-0.005997	0.119711
19042.967618	0.012713	0.142376
18798.826993	0.000731	0.116293
18554.686368	0.020151	0.136382
18310.545743	0.000572	0.155786
18066.405118	0.004011	0.119890
17822.264493	0.010230	0.158040
17578.123868	0.033187	0.187590
17333.983243	0.018284	0.172403
17089.842618	0.010598	0.158199
16845.701993	0.001473	0.158246
16601.561368	0.015450	0.130912
16357.420743	0.022946	0.193038
16113.280118	0.006981	0.179693
15869.139493	-0.005281	0.192527
15624.998868	0.007146	0.175685
15380.858243	0.007480	0.197053
15136.717618	0.003004	0.192733
14892.576993	0.060166	0.206225
14648.436368	-0.003272	0.191437
14404.295743	0.010030	0.253865
14160.155118	-0.000036	0.176955
13916.014493	0.011150	0.218615
13671.873868	-0.038748	0.226220
13427.733243	-0.062261	0.270042
13183.592618	0.042343	0.214586
12939.451993	0.016210	0.213378
12695.311368	0.032615	0.244556
12451.170743	-0.006252	0.257482
12207.030118	-0.077423	0.196838
11962.889493	0.039306	0.209748
11718.748868	0.062856	0.245683
11474.608243	0.022497	0.264552
11230.467618	0.016426	0.285154
10986.326993	0.056342	0.280458
10742.186368	-0.012964	0.303372
10498.045743	0.009042	0.308856
10253.905118	0.037134	0.284003
10009.764493	0.005753	0.335144
9765.623868	0.032035	0.337411
9521.483243	0.016861	0.352608
9277.342618	0.023699	0.355856
9033.201993	0.043011	0.355746
8789.061368	-0.012207	0.362629
8544.920743	0.007802	0.357254
8300.780118	0.023165	0.377521
8056.639493	-0.001479	0.401593
7812.498868	0.000774	0.423224
7568.358243	0.001080	0.415124
7324.217618	-0.005556	0.441903
7080.076993	0.019463	0.421313
6835.936368	0.027864	0.438059
6591.795743	0.069335	0.491154
6347.655118	0.039497	0.507218
6103.514493	0.017445	0.572963
5859.373868	0.011223	0.552718
5615.233243	-0.001923	0.568110
5371.092618	0.037251	0.608791
5126.951993	0.023022	0.624730
4882.811368	0.039336	0.663131
4638.670743	0.044075	0.679994
4394.530118	0.026832	0.710309
4150.389493	0.019941	0.772556
3906.248868	0.037261	0.809274
3662.108243	0.012518	0.856993
3417.967618	0.036677	0.882758
3173.826993	0.032217	0.944360
2929.686368	0.066605	1.057975
2685.545743	0.022477	1.158414
2441.405118	0.034595	1.224721
2197.264493	0.047994	1.373293
1953.123868	0.038626	1.553472
1708.983243	0.045183	1.733625
1464.842618	0.065391	2.036799
1220.701993	0.062497	2.401959
976.561368	0.054569	2.924776
732.420743	0.052185	3.860227
488.280118	0.198374	5.561414
244.139493	0.409568	10.579147
-0.001132	28.296583	3.586074
-244.141757	1.590432	-14.934106
-488.282382	0.250122	-6.730983
-732.423007	0.176434	-4.299703
-976.563632	0.005237	-3.170423
-1220.704257	0.105305	-2.503504
-1464.844882	0.064168	-2.075936
-1708.985507	0.122000	-1.725471
-1953.126132	0.099896	-1.526072
-2197.266757	0.102603	-1.398231
-2441.407382	0.111885	-1.231060
-2685.548007	0.092484	-1.117981
-2929.688632	0.067544	-0.994171
-3173.829257	0.059906	-0.935619
-3417.969882	0.100842	-0.862072
-3662.110507	0.077292	-0.808245
-3906.251132	0.069383	-0.737650
-4150.391757	0.050031	-0.731823
-4394.532382	0.080630	-0.677770
-4638.673007	0.041440	-0.624815
-4882.813632	0.056839	-0.614041
-5126.954257	0.046796	-0.555286
-5371.094882	0.045187	-0.593693
-5615.235507	0.072897	-0.530651
-5859.376132	0.014625	-0.521927
-6103.516757	-0.130473	-0.651770
-6347.657382	0.190278	-0.140732
-6591.798007	0.129461	-0.352651
-6835.938632	0.088302	-0.366654
-7080.079257	0.071754	-0.349782
-7324.219882	0.064869	-0.374020
-7568.360507	0.052611	-0.343492
-7812.501132	0.084156	-0.342531
-8056.641757	0.055557	-0.321983
-8300.782382	0.034863	-0.296396
-8544.923007	0.047576	-0.304078
-8789.063632	0.016002	-0.309728
-9033.204257	0.018906	-0.296820
-9277.344882	0.028026	-0.263434
-9521.485507	0.069955	-0.270846
-9765.626132	0.010647	-0.277383
-10009.766757	0.050106	-0.278811
-10253.907382	0.055823	-0.280955
-10498.048007	0.052459	-0.253266
-10742.188632	0.026915	-0.214827
-10986.329257	0.014240	-0.239392
-11230.469882	0.042204	-0.232967
-11474.610507	0.020266	-0.230368
-11718.751132	0.053614	-0.238489
-11962.891757	0.010121	-0.249256
-12207.032382	0.068878	-0.220191
-12451.173007	0.012433	-0.163851
-12695.313632	0.031145	-0.159368
-12939.454257	0.067242	-0.238473
-13183.594882	0.037680	-0.177299
-13427.735507	0.045946	-0.183495
-13671.876132	-0.004318	-0.170607
-13916.016757	0.032250	-0.170584
-14160.157382	0.056786	-0.185714
-14404.298007	0.037284	-0.134708
-14648.438632	0.041971	-0.148437
-14892.579257	0.039292	-0.163236
-15136.719882	0.038031	-0.152458
-15380.860507	0.060062	-0.134393
-15625.001132	0.037025	-0.115893
-15869.141757	0.010863	-0.137174
-16113.282382	0.029475	-0.136451
-16357.423007	0.026809	-0.124937
-16601.563632	0.054152	-0.087722
-16845.704257	0.024095	-0.119527
-17089.844882	0.026786	-0.081191
-17333.985507	0.012091	-0.128965
-17578.126132	0.027950	-0.098622
-17822.266757	0.052621	-0.152466
-18066.407382	0.026446	-0.113813
-18310.548007	0.031666	-0.119592
-18554.688632	0.027265	-0.129595
-18798.829257	0.043442	-0.109238
-19042.969882	0.040897	-0.081637
-19287.110507	0.038296	-0.071267
-19531.251132	0.051980	-0.051225
-19775.391757	0.045145	-0.090246
-20019.532382	-0.005025	-0.069288
-20263.673007	0.035347	-0.081025
-20507.813632	0.009004	-0.092373
-20751.954257	0.022247	-0.086449
-20996.094882	0.066403	-0.053534
-21240.235507	0.037219	-0.043853
-21484.376132	0.021587	-0.088086
-21728.516757	0.035776	-0.088450
-21972.657382	0.050237	-0.069935
-22216.798007	0.015584	-0.084911
-22460.938632	0.012220	-0.037574
-22705.079257	0.074491	-0.039629
-22949.219882	0.041298	-0.061713
-23193.360507	0.059843	-0.045749
-23437.501132	0.014231	-0.027572
-23681.641757	0.044772	-0.033576
-23925.782382	0.048934	-0.075017
-24169.923007	0.034827	-0.025610
-24414.063632	0.087625	-0.021878
-24658.204257	0.060575	-0.055464
-24902.344882	0.042879	-0.009017
-25146.485507	0.031851	-0.088065
-25390.626132	0.065440	-0.034854
-25634.766757	-0.002273	-0.033348
-25878.907382	0.065903	-0.037813
-26123.048007	0.018822	-0.038330
-26367.188632	0.016974	-0.025350
-26611.329257	0.042233	-0.000942
-26855.469882	0.067023	-0.033323
-27099.610507	0.064442	-0.028609
-27343.751132	0.058470	-0.014776
-27587.891757	0.070331	-0.003841
-27832.032382	0.052936	-0.017835
-28076.173007	0.030961	0.027654
-28320.313632	0.023956	-0.015397
-28564.454257	0.018301	0.012298
-28808.594882	0.046498	-0.020366
-29052.735507	0.026600	0.004915
-29296.876132	0.048356	0.013201
-29541.016757	0.062871	-0.015593
-29785.157382	0.020397	0.020841
-30029.298007	0.034578	-0.024733
-30273.438632	0.053584	0.041166
-30517.579257	0.048967	-0.009652
-30761.719882	0.019753	0.025160
-31005.860507	0.035306	0.005356
