SIMFIT 1
1   240126612
2   232725113
3   225375256
4   217256156
5   209899679
6   202682411
7   195458356
8   188283365
9   181615753
10   174574882
11   168236277
12   161996519
13   156191551
14   150193158
15   144818184
16   139635554
17   134394865
18   129622716
19   125134468
20   120725016
21   116390977
22   112610171
23   108656771
24   105010977
25   101407413
26   98417954
27   95074606
28   92309331
29   89660113
30   86940344
31   84163514
32   81679091
33   79645485
34   77311530
35   75527651
36   73386877
37   71398056
38   69941883
39   68008628
40   66545677
41   64762006
42   63241782
43   61644361
44   60306085
45   58712823
