
151.772922972 0.309161480614
118.789368455 0.291470311705
92.9474441265 0.290028595757
72.7239563855 0.275777293303
72.7239563855 0.307927786104
56.9152255849 0.376188135754
44.5520846947 0.343341873894
34.8581375744 0.374258289436
27.2839112954 0.467683432658
21.3406481701 0.406898720321
16.7141468278 0.369946563542
13.0773039091 0.403142562246
10.2335538222 0.405801711578
8.00985813106 0.373848542869
6.26512979512 0.421368375411
4.89827793857 0.358661831815
3.83576122609 0.468174579197
3.00107845439 0.695685947405
2.34869319293 0.510085336957