
27.2075126618 0.539917966507
20.9369143091 0.572557935519
16.1057373183 0.590501961995
12.3938532901 0.644905465926
9.53705085549 0.66595838893
9.53705085549 0.66417579394
7.33832792256 0.683486117275
5.64598743851 0.71120100137
4.34397775667 0.763118791411
3.3437295664 0.764128102137
2.57150313442 0.798645394414
1.97832004008 0.760279589445
1.52173231884 0.839960140626
1.17091077594 0.794083189411
0.900876416849 0.77051242825
0.693792933388 0.544945548351
0.533891995137 0.837131851852
0.410248693272 0.605024026839