220.0 220.0

7.18143852288 0.00776605263158
6.51468617233 0.00964842105263
5.91049290906 0.0122723684211
5.36139351087 0.0152805263158
4.8635937357 0.0190121052632
4.8635937357 0.0185078947368
4.41181048769 0.02347
4.00223352706 0.0292736842105
3.63107170694 0.0372210526316
3.29318900372 0.0455815789474
2.98727387898 0.0577473684211
2.71083132607 0.0721
2.45870391321 0.0847105263158
2.23087027099 0.100076315789
2.02349617318 0.124805263158
1.83536736308 0.153210526316
1.66510872291 0.180742105263
1.51027927679 0.210407894737
1.37076418403 0.264184210526
1.24278305043 0.251573684211
1.12758796962 0.327421052632
1.02263098936 0.407342105263
0.927926050893 0.328605263158
0.842171041453 0.407263157895
0.764093991752 1.14452631579
