
18.756220656 0.370809086835
15.4350996768 0.379114496668
12.7048587362 0.396919952208
10.4538871603 0.406650046695
8.6027444106 0.416362814545
8.6027444106 0.40532066477
7.07874286325 0.422935297076
5.82542064789 0.434119585576
4.79503840903 0.454344679494
3.94417115335 0.457667236127
3.24543206001 0.477100009679
2.67255979394 0.490532064041
2.19854269626 0.474107679052
1.80996872797 0.46111270192
1.48911148793 0.473112932672
1.22509128017 0.477817177492
1.00834147551 0.463950527759
0.829539300001 0.444328020856
0.683357454244 0.459578283945
0.561711198664 0.359735251458
0.462405835975 0.385420324202
0.380329784889 0.394388594393
0.313147662398 0.261956026736
0.257942584499 0.267425537154
0.212332272943 0.618652107676