
1.64417875433 0.508748911147
1.32920481654 0.53159997006
1.07457827378 0.524664350574
0.868953158039 0.541250147455
0.70225786729 0.548753546366
0.70225786729 0.555140017957
0.567693042447 0.505598754442
0.459117061701 0.543210186527
0.371185809689 0.506090247198
0.300059745064 0.502145525773
0.242532398609 0.475620700895
0.196145477257 0.439620723036
0.158481796521 0.414527112927
0.128069669248 0.362424384458
0.103536068873 0.377659588636
0.0837052900179 0.345689076037
0.0677518724017 0.296548838341
0.0547615612114 0.280707432808
0.123375069444 0.361943103762
0.111930440851 0.371445798459
0.101628630774 0.388293443323
0.092239431167 0.365919079637
0.083836837473 0.318733655036
0.0760837593386 0.344146247391
0.069066524781 0.272829637727
0.0627325148184 0.276415345287
0.0569214059897 0.225701710242
0.0517039050521 0.252658412762
0.0469344876335 0.273889517492
0.0425843777279 0.234865054491
0.0386256215012 0.183318152
0.06574495154 0.31175082181
0.0603523280528 0.291179626915
0.0554053215698 0.26315402851
0.0507723846358 0.269792388482
0.0466376836879 0.233005452766
0.0427734771946 0.233704802723
0.0392570492857 0.251672001844
0.0359774067959 0.213402019038
0.0330899401567 0.210458851259
0.0303241549134 0.181417477846
0.0278305084678 0.191961720361
0.0255169176014 0.199353553773
0.0234434008405 0.196465485069
0.0215252745109 0.174222032808
0.0197526725536 0.161565563548
0.0181173732525 0.178456292216
0.0166119770633 0.135571786593
0.0152290844416 0.122190977892
0.0139588293284 0.0924581555656
0.0128480755045 0.0880013844343
0.0117833632898 0.11091534105
0.0108115564653 0.107634139716
0.00992772200144 0.0945105916441
0.00908088525929 0.0989889980449
0.00835572991309 0.0800115851632
0.00766074826441 0.0782041933172
0.00703400685806 0.0486634755658
0.00643406824569 0.0557050604589
0.00593106366428 0.0285750413392
0.0054148221202 0.0287726643793