230.1 230.1

4.84133402956 0.0202445
4.35297812909 0.0261665
3.9138985084 0.0319445
3.5195627686 0.0407525
3.16401722079 0.051125
3.16401722079 0.05172
2.84477103735 0.05827
2.55830457867 0.07741
2.30030918959 0.089205
2.06820888691 0.10949
1.85941107297 0.128305
1.67216712628 0.14664
1.50307352335 0.17113
1.35118145502 0.18515
1.21488835044 0.23865
1.09236300799 0.2702
0.982768398237 0.28637
0.883544529906 0.335375
1.32618538341 0.19194
1.26317824974 0.21712
1.20364542424 0.249975
1.14669743213 0.25955
1.09322102521 0.24874
1.04144541792 0.29594
0.992257371633 0.25845
0.945664053269 0.288285
0.900799925055 0.259425
0.858523534046 0.319715
0.817968487286 0.3818
0.779140329459 0.360845
0.742041632452 0.310515
0.968103380756 0.31024
0.92755046108 0.31566
0.88872269732 0.31075
0.850754613113 0.34766
0.815378054092 0.326875
0.780868331926 0.357475
0.748082264362 0.41944
0.71615241425 0.38808
0.686813025178 0.416125
0.657483540676 0.39142
0.629870259001 0.45128
0.603121259929 0.51115
0.578097163664 0.5483
0.553942748212 0.52955
0.530644251831 0.53515
0.508204080519 0.64445
0.486632593229 0.53395
0.465937247003 0.52495
0.446082340334 0.43336
0.427966299981 0.44813
0.409850213543 0.61585
0.392585850116 0.65135
0.376197006704 0.62285
0.359794587686 0.7132
0.345130013747 0.6265
0.330465500799 0.6679
0.31665906541 0.45264
0.302854034481 0.56645
0.29077483961 0.315215
0.277832232798 0.347655
