
1.07447001002 1.0100350459
0.868634696069 0.996246176639
0.702236375185 0.936439931755
0.567860462841 0.975352254716
0.458925172046 0.976263045415
0.458925172046 0.897117917173
0.370987124972 0.883088846289
0.300032774775 0.877135994756
0.242569744686 0.780185848914
0.196088896318 0.75467501389
0.158494803608 0.676616011632
0.128180973242 0.592555429174
0.103567776343 0.564202726934
0.083693466077 0.482193524053
0.0676607702579 0.418809878211
0.0547013659966 0.379596137085
0.0442758154044 0.348365581223
0.035786653409 0.28411063031
0.0288867914885 0.255190367121
0.0233978497831 0.213557804544
0.0188916091721 0.179790210825
0.0152745814156 0.144586167996
0.012368386654 0.116608439165
0.042964293605 0.338616675647
0.0360665808394 0.285744412163
0.030284816774 0.274980295882
0.0254180554225 0.222567071115
0.0213534661507 0.186697704414
0.0179389962469 0.190970414057
0.0150473082811 0.160190090167
0.0126160767603 0.145526852437
0.0105883490786 0.121899650411
0.00891147094018 0.103183843632
0.00747476086578 0.084456971136
0.00628090529909 0.0789118649754
0.00527112485263 0.0634794967482
0.00442296085732 0.0552986482703
0.00371647990114 0.0573218896324
0.003112674822 0.0439338431819
0.0026186378312 0.0307963591538
0.00220170177371 0.0286279370428
0.00183693645227 0.0274134805593
0.0015483586733 0.0215632249164
0.00129771347895 0.0169307392991
0.0010934900312 0.0143450728583
0.000917796615219 0.0106617004839
0.000767785600719 0.0110786419225
0.000640555628535 0.0092316469855
0.0053787975149 0.0669588762102
0.00294993006451 0.0413992945872
0.00162180604323 0.0224696396568
0.000895552861636 0.0126889938937
0.000491318309812 0.00702451018894
0.000270299216242 0.0039526424988