
0.476471946361 0.909065478718
0.385194617303 0.833787646001
0.311405557503 0.829074842132
0.251816781733 0.787041213684
0.203509607453 0.725531543276
0.203509607453 0.759518713616
0.164513626124 0.671941048966
0.133049037047 0.580893117762
0.107567151527 0.574600619805
0.0869552963016 0.517529746216
0.0702842581543 0.457223164086
0.0568416402857 0.390249641301
0.0459269588862 0.347613774507
0.0371137289152 0.300271661069
0.0300040565083 0.261721394438
0.0242572301525 0.221497811864
0.0196340370096 0.189301860921
0.0158695321829 0.165686915467
0.0128097998421 0.132240094789
0.0103757377338 0.115289458926
0.00837745279828 0.0988416025336
0.00677348783033 0.0799526801808
0.00548474057667 0.0632588349077
0.00442948792619 0.0570819282332
0.0035746117668 0.0442888502345
0.00289009136382 0.0362401529533
0.00233747158564 0.0302272231992
0.00188585013633 0.0245281145947
0.00153039034197 0.0215594093267
0.00123787878654 0.0166683398737
0.000999595161398 0.0133940655001
0.000807557763274 0.0116185170514
0.000654714102113 0.00945102815232
0.000529222665895 0.00736390155367
0.000427080689995 0.00598720593213
0.000345071667124 0.00485742345753
0.000279859960094 0.00396080218014
0.000225260344518 0.00294034383204
0.000183064534087 0.00257090105856
0.000148316724977 0.00218594986888
0.000119863739762 0.00182239739894