
0.0824041401469 0.403390428103
0.062180141755 0.343688616605
0.0469214893416 0.296160131336
0.0354076555383 0.246729613488
0.0354076555383 0.249758461234
0.0267189181688 0.216251442005
0.020170430344 0.185868899725
0.0152149738513 0.149876859288
0.0114878739032 0.115916285804
0.0086697825217 0.0930001270573
0.00654230689625 0.0733342004525
0.00493402927352 0.0573116612388
0.00372524566956 0.0458810306524
0.00280927325665 0.0368670143482
0.00212014092351 0.0281385051111
0.00160061327126 0.0211386319111
0.00120672329443 0.0165542056215
0.000911110082402 0.0128462103833
0.000688843889807 0.00977538644665
0.000518332672721 0.00775819238465
0.000392006853915 0.00600129234253
0.000295497834694 0.00429853124215
0.000223160366933 0.00328052268673
0.00016885472822 0.00258090306942
0.000126684312665 0.00193189570407
9.54829850727e-05 0.00148505852641
7.21273161882e-05 0.00110871723176
5.42767943802e-05 0.00084533228048
4.08946718909e-05 0.000655994016239