
0.0328056790758 0.221397313206
0.0238980464434 0.168073712795
0.017413355505 0.128316460411
0.0126846001043 0.114153208762
0.00924113571045 0.0860100166458
0.00673321881021 0.0643160217264
0.00490674400858 0.0502090779122
0.00357404405452 0.0373988291963
0.00260453928736 0.0282135958374
0.00189619384157 0.0211897528881
0.00138286485385 0.0159999682774
0.00100689057705 0.0116259749099
0.000733493513609 0.00881112344336
0.00053419548626 0.00639515422439
0.000388999433905 0.00457423951186
0.000283928739596 0.00350259982866
0.000206351953742 0.00257855569019
0.000150466811775 0.0018026482402
0.000109386712994 0.00137191428124
7.99521545552e-05 0.00101613202868
5.80357692941e-05 0.000750661627829
4.25138503314e-05 0.000543152539557
3.08272987895e-05 0.000399053416623
2.25151487806e-05 0.000293239343572
1.62804621172e-05 0.000211127808002