
0.0197487834113 0.208245964653
0.0149444114093 0.163087754675
0.0113092843097 0.126210358516
0.00855513979249 0.0961943195958
0.00647568118517 0.0820958633483
0.0048969043055 0.0662071548264
0.00370711861424 0.0475725536603
0.00280332390587 0.0364771079406
0.0021214289691 0.0297942273058
0.00160583541879 0.0229997585199
0.0012154616773 0.0176433280279
0.000919931078054 0.0133545396522
0.000695542710882 0.0109598667563
0.000526328087544 0.00798310946469
0.000398461677098 0.00634784294853
0.000301258319204 0.00455549887875
0.000228091634388 0.00350521653632
0.000172236489387 0.00263755212395
0.000130434009049 0.00203444398039
9.88624216072e-05 0.00156860041321