270.0 270.0

0.384125379784 0.654892312971
0.334150593373 0.677760389747
0.290683506419 0.693096208953
0.252822885931 0.698322381978
0.219960935865 0.787352952505
0.191277390294 0.839686078565
0.166425959803 0.796991386363
0.144723637472 0.808129132155
0.125897491456 0.872242566264
0.109535109196 0.889520351402
0.0952957350816 0.90151484687
0.0829049524733 0.901586242676
0.0720882912085 0.978622317735
0.0627091772206 0.941996269074
0.0545627321044 0.989403084495
0.047443022972 0.93914043682
0.0412816937608 0.95441913938
0.0358728111874 0.951063536482
0.0312175093708 0.968698300652
0.0271780598894 0.985404919339
