302.0 302.0

0.197061760561 0.852490909091
0.161346178662 0.853954545455
0.13208944554 0.828336363636
0.13208944554 0.857318181818
0.108137380755 0.837445454545
0.0885397825766 0.870627272727
0.0724891442081 0.852281818182
0.059354227607 0.875836363636
0.0485712569494 0.875390909091
0.0397918774151 0.876963636364
0.0325571015223 0.858763636364
0.0266568043404 0.857272727273
0.0218451906713 0.870518181818
0.0178765789407 0.880318181818
0.0146450863454 0.886027272727
0.0119762156629 0.8818
0.00979864165303 0.894236363636
0.00804259857909 0.891481818182
0.00656754275676 0.896072727273
0.00537340972747 0.892727272727
0.00438996650359 0.892554545455
