320.0 320.0

0.0794598174802 0.963530126976
0.0650584764446 0.966951382784
0.053261491239 0.943760998591
0.053261491239 0.957446021821
0.0436034698619 0.965788492879
0.0357012692024 0.967524400998
0.0292292840157 0.977552219745
0.0239329846588 0.979760025216
0.0195850438005 0.977417391929
0.0160449967949 0.986198053386
0.0131277693718 0.979591490448
0.0107486343442 0.982945332348
0.00880848145586 0.981142010321
0.00720824626633 0.988962023595
0.00590523440302 0.995787681734
0.00482908458734 0.986973313323
