
0.000654559351769 0.0071836014718
0.000438795012992 0.00483274880549
0.000294090197802 0.00316133468066
0.000294090197802 0.00320717567071
0.000197104258447 0.00216823292117
0.000132136018756 0.00145616652964
8.8570737368e-05 0.000986184396433
5.93810169006e-05 0.000662666852175
3.97651843416e-05 0.000442701468764
2.6689053677e-05 0.000299795573639
1.78663477429e-05 0.000199346532942
1.19773429139e-05 0.00013409659449
8.0437024051e-06 8.98909078185e-05
5.38658028406e-06 6.06765182863e-05
3.6151655367e-06 4.10036802403e-05
2.41759490151e-06 2.71779591398e-05