
0.00039404003307 0.00554720191474
0.000264151449312 0.00365687132465
0.000177040188875 0.00239971140056
0.000177040188875 0.00243051616308
0.000118655349292 0.0016157107374
7.95449351687e-05 0.00109392063464
5.33189483692e-05 0.000751993878371
3.57469460944e-05 0.000503051647469
2.39383556444e-05 0.000343411850596
1.60666188101e-05 0.000229699645871
1.07554131439e-05 0.000152230124578
7.21027449251e-06 0.000101525301451
4.84225113146e-06 7.10890703673e-05
3.24268268038e-06 4.68192633679e-05
2.176303713e-06 3.20493636085e-05
1.45537478361e-06 2.12615365244e-05
9.74243194075e-07 1.44841652688e-05
6.56339309009e-07 9.73100942799e-06
4.3766462719e-07 6.68508009757e-06
2.92978360422e-07 4.49398474907e-06
1.9555010022e-07 3.01846417031e-06