SIMFIT 1
1   283345474
2   272491615
3   261552118
4   250641440
5   239884082
6   229393181
7   219248977
8   209484441
9   200121390
10   191196815
11   182730134
12   174730721
13   167111878
14   159835431
15   152944954
16   146407497
17   140216977
18   134394504
19   128885370
20   123665056
21   118749824
22   114090632
23   109679064
24   105519672
25   101589787
26   97912273
27   94431467
28   91181252
29   88188973
30   85387600
31   82752622
32   80313184
33   78058910
34   76000186
35   74093927
36   72268439
37   70515436
38   68885910
39   67386866
