omegatau 169.3

266895.409519 0.076416802
191836.914513 0.0778655551111
137825.227228 0.0791702243333
99040.1112362 0.0850764957778
99040.1112362 0.0737505532889
71148.086216 0.108035676667
66749.2099795 0.116121393778
50927.4023995 0.092268462
38859.8541803 0.118528836556
29676.3992703 0.111577777333
22634.9942266 0.122453084444
17287.2099185 0.110867605444
13182.6152992 0.0876167175
10072.0385867 0.106326026667
7683.21923723 0.0947969533333
5868.28240652 0.100989318889
4480.55439963 0.092558004
3418.3378958 0.0790474097778
2611.29892122 0.072083318
