omegatau 230.5

4230.00717646 0.2871935
2949.032906 0.284292871111
2056.20060818 0.297624616667
1434.05238795 0.318352113
1434.05238795 0.332687412
999.904486677 0.265694902222
697.238356624 0.278434798444
486.055280067 0.29114393
338.815156278 0.276986815556
236.248375607 0.23483443
164.650459357 0.226482714
114.961941214 0.184947011111
80.0756984095 0.168122937
55.89667449 0.144306513556
38.8903450077 0.158283031111
27.2080119566 0.132931958889
18.8941589678 0.0652082425
13.1629836279 0.0462887483333
9.22233787847 0.0411462888889
6.44379131032 0.0192261688889
4.4504125909 0.00418228444444
3.10428969506 0.0252003226667
2.16703787993 0.0198263516667
1.50967132812 0.0191300750667
