omegatau 233.0

2390.16179243 0.337734808889
1923.22284381 0.339436704444
1547.40122042 0.341599016667
1245.27011142 0.337496055556
1001.99183216 0.34195148
806.174227431 0.344260892444
648.536275701 0.373135798889
522.117210811 0.341890899667
420.065806558 0.326154269
337.821217592 0.301320506667
271.828374502 0.303045228
218.830953207 0.3089685
175.990873084 0.29708313
141.754658425 0.285000516667
113.921551976 0.273555822222
91.6948995279 0.266346515556
73.780137989 0.249065883333
59.3935587809 0.235669374
47.7673864092 0.230219751111
