229.9 229.9

7.71880346107 0.000399641666667
6.77114167379 0.000550958333333
5.93876128526 0.000750041666667
5.20965229534 0.00104283333333
4.56996224536 0.00153133333333
4.0087052086 0.00227716666667
3.51621576462 0.00341495833333
3.08424847964 0.00480625
2.70595852419 0.00715041666667
2.37300739681 0.01026375
2.08139179452 0.0150604166667
1.82546997902 0.0227008333333
1.60128068217 0.0322770833333
1.40455313028 0.0501583333333
1.23259527603 0.0714916666667
1.08126530444 0.103204166667
0.947827196839 0.157375
0.832277548936 0.19705
0.72910594369 0.368329166667
