255.1 255.1

0.667642840961 0.163292013421
0.583042314532 0.211356524194
0.50914416604 0.283139063207
0.447875898282 0.335129372874
0.390402227625 0.413979982243
0.340308618464 0.49129618373
0.296639162153 0.572766712943
0.258564029961 0.648124095855
0.258564029961 0.645145059273
0.218581125762 0.703109765591
0.184670119352 0.755932573152
0.156113495939 0.790407780064
0.131840274664 0.818296459519
0.111492933676 0.858941944941
0.0941198524841 0.863594139056
0.0796034162406 0.881549975989
0.0672283983968 0.900730074532
0.0568760611001 0.915013126638
0.0480703698675 0.923093253258
0.0405752725764 0.93419322518
0.0342687709106 0.950435095861
0.0290324018726 0.944068935494
0.0245106297736 0.953863028366
0.0207028084638 0.957862282956
0.0174906959799 0.972716657146
0.0147546626764 0.981939427935
0.0124933087582 0.975246797805
0.0105893533577 0.995406305635
