260.0 260.0

0.569103227416 0.387411764706
0.494358933208 0.46737254902
0.429439933426 0.553764705882
0.373048345578 0.624666666667
0.373048345578 0.637098039216
0.324060402758 0.67237254902
0.281562047415 0.72731372549
0.244541255534 0.756176470588
0.212488955847 0.799078431373
0.184595297887 0.812666666667
0.160354809019 0.841078431373
0.139257114931 0.856725490196
0.121002402069 0.868784313725
0.105078417819 0.889647058824
0.0912848900886 0.898352941176
0.0793158055205 0.916568627451
0.0688684614355 0.921274509804
0.0598414294073 0.929588235294
0.0520327689525 0.939235294118
0.045135766809 0.94131372549
0.0392521421249 0.948784313725
0.0340795368478 0.958882352941
0.029615908928 0.959490196078
0.0257616185604 0.967450980392
0.0223140268967 0.980235294118
0.0193722259755 0.983117647059
0.0168370661755 0.976549019608
0.0146057420891 0.971666666667
0.0126779751603 0.971647058824
