330.0 330.0

0.14265145502 0.888691358025
0.116797226831 0.903037037037
0.0956185083566 0.89962962963
0.0956185083566 0.916975308642
0.0782797974744 0.951716049383
0.0640932506425 0.954975308642
0.0524743200557 0.955283950617
0.0429660574716 0.971777777778
0.0351603500153 0.961567901235
0.0288050263789 0.982987654321
0.0235678291423 0.97675308642
0.0192966505247 0.983703703704
0.0158135613199 0.995419753086
0.012940714573 0.990975308642
0.0106014625573 0.991580246914
0.00866948810911 0.988456790123
0.00709315944931 0.983135802469
0.00582197371109 0.980345679012
0.00475419242926 0.984382716049
0.00388976894278 0.984740740741
0.00317786214556 0.981037037037
