omegatau 220.0

0.980158092324 0.53650998
0.806603746643 0.548526770909
0.663927468678 0.574288827273
0.546296734525 0.588366941818
0.449560159527 0.602419987091
0.449560159527 0.586443508182
0.369919251225 0.611929469455
0.304423438705 0.628111603636
0.250577970147 0.657374545455
0.206113552638 0.66218183
0.169599012245 0.690298392727
0.139661990403 0.709732736364
0.114890918303 0.6859689
0.0945849128196 0.667166947273
0.0778176319223 0.684529638182
0.0640205270624 0.691336036364
0.0526936676196 0.671272892727
0.0433498663035 0.642881811818
0.0357107303764 0.664946854545
0.0293537694516 0.520487656364
0.0241642935632 0.55765044
0.0198751829192 0.570626299091
0.0163643956328 0.379014505455
0.0134795018777 0.386928138182
0.011096009127 0.895104898182
