omegatau 369.1

0.00140823922481 0.10622415913
0.000944037156108 0.0700259495652
0.000632714743222 0.0459524152174
0.000632714743222 0.0465423
0.000424056195015 0.030939474913
0.00028428151568 0.0209476419565
0.0001905538225 0.0144000378261
0.000127754155498 0.0096330076087
8.5552046916e-05 0.00657604241304
5.74196551612e-05 0.00439855121739
3.84382128645e-05 0.00291507632609
2.57684258194e-05 0.00194412245
1.73054700219e-05 0.00136129472826
1.15888553469e-05 0.00089654873913
7.77777889692e-06 0.000613717826087
5.20128841e-06 0.000407140189565
3.4817971913e-06 0.000277359342609
2.34565699463e-06 0.000186340484783
1.56414689777e-06 0.000128013550435
1.0470601577e-06 8.60559536957e-05
6.98866354772e-07 5.7801000087e-05
