210.0 210.0

0.681641546193 0.709000440157
0.590899148399 0.734437439198
0.512187499213 0.763090938679
0.443903800088 0.797454202254
0.384739320316 0.812366202814
0.33347457597 0.835233808013
0.289009566283 0.864848451116
0.250500722816 0.884375844319
0.217089876621 0.903056289181
0.188178283369 0.907053124048
0.163154188477 0.925866796739
0.141407033403 0.934526605615
0.122577523708 0.949429089902
0.106177407628 0.951589283984
0.0920842605173 0.962761389063
0.0798142904158 0.968661478627
0.0691237240546 0.97027924512
0.0598924879938 0.979510030406
0.0519953645129 0.982174586984
0.045070308046 0.988074676548
0.038996076533 0.990168256716
0.0338937459401 0.988550490223
0.0292775517174 0.988455327488
0.0253900152575 1.00139745944
0.0219881340509 0.997781275509
0.0190729138299 0.998257089183
0.0165220230146 0.994260254317
0.0143351377045 0.997400624569
0.0123914117918 1.00377652781
0.0108113841011 1.01015243105
