	0.04091	0.24509	
	0.04186	0.24626	
	0.04284	0.24738	
	0.04383	0.24845	
	0.04486	0.24948	
	0.0459	0.25046	
	0.04697	0.25139	
	0.04806	0.25227	
	0.04918	0.25311	
	0.05033	0.2539	
	0.0515	0.25465	
	0.0527	0.25534	
	0.05393	0.25599	
	0.05518	0.2566	
	0.05647	0.25715	
	0.05779	0.25767	
	0.05913	0.25814	
	0.06051	0.25856	
	0.06192	0.25893	
	0.06336	0.25926	
	0.06484	0.25955	
	0.06635	0.2598	
	0.06789	0.26	
	0.06947	0.26015	
	0.07109	0.26027	
	0.07275	0.26034	
	0.07444	0.26038	
	0.07618	0.26037	
	0.07795	0.26032	
	0.07977	0.26023	
	0.08162	0.2601	
	0.08353	0.25994	
	0.08547	0.25973	
	0.08746	0.25949	
	0.0895	0.25921	
	0.09158	0.2589	
	0.09372	0.25855	
	0.0959	0.25816	
	0.09813	0.25775	
	0.10042	0.2573	
	0.10276	0.25681	
	0.10515	0.25629	
	0.1076	0.25575	
	0.11011	0.25517	
	0.11267	0.25455	
	0.1153	0.25391	
	0.11798	0.25324	
	0.12073	0.25254	
	0.12354	0.25181	
	0.12642	0.25106	
	0.12937	0.25028	
	0.13238	0.24947	
	0.13546	0.24864	
	0.13862	0.24778	
	0.14185	0.2469	
	0.14515	0.24599	
	0.14853	0.24506	
	0.15199	0.2441	
	0.15553	0.24313	
	0.15915	0.24213	
	0.16286	0.24111	
	0.16666	0.24008	
	0.17054	0.23901	
	0.17451	0.23794	
	0.17857	0.23684	
	0.18273	0.23573	
	0.18699	0.2346	
	0.19135	0.23345	
	0.1958	0.23228	
	0.20036	0.2311	
	0.20503	0.2299	
	0.20981	0.22869	
	0.21469	0.22747	
	0.21969	0.22622	
	0.22481	0.22497	
	0.23005	0.22371	
	0.23541	0.22243	
	0.24089	0.22114	
	0.2465	0.21984	
	0.25224	0.21852	
	0.25812	0.2172	
	0.26413	0.21587	
	0.27028	0.21453	
	0.27658	0.21318	
	0.28302	0.21183	
	0.28961	0.21046	
	0.29636	0.20909	
	0.30326	0.20771	
	0.31033	0.20632	
	0.31756	0.20493	
	0.32495	0.20353	
	0.33252	0.20213	
	0.34027	0.20072	
	0.34819	0.19931	
	0.3563	0.1979	
	0.3646	0.19648	
	0.3731	0.19506	
	0.38179	0.19363	
	0.39068	0.19221	
	0.39978	0.19078	
	0.40909	0.18935	
	0.41862	0.18792	
	0.42837	0.18649	
	0.43835	0.18506	
	0.44856	0.18363	
	0.45901	0.1822	
	0.4697	0.18077	
	0.48064	0.17934	
	0.49184	0.17792	
	0.50329	0.17649	
	0.51502	0.17507	
	0.52701	0.17365	
	0.53929	0.17223	
	0.55185	0.17081	
	0.5647	0.1694	
	0.57786	0.16799	
	0.59132	0.16659	
	0.60509	0.16519	
	0.61918	0.16379	
	0.63361	0.16239	
	0.64837	0.16101	
	0.66347	0.15962	
	0.67892	0.15824	
	0.69474	0.15687	
	0.71092	0.1555	
	0.72748	0.15414	
	0.74442	0.15278	
	0.76176	0.15143	
	0.77951	0.15009	
	0.79766	0.14875	
	0.81624	0.14742	
	0.83526	0.14609	
	0.85471	0.14477	
	0.87462	0.14346	
	0.89499	0.14216	
	0.91584	0.14086	
	0.93717	0.13957	
	0.959	0.13829	
	0.98134	0.13701	
	1.0042	0.13574	
	1.02759	0.13448	
	1.05153	0.13323	
	1.07602	0.13199	
	1.10108	0.13075	
	1.12673	0.12952	
	1.15298	0.1283	
	1.17983	0.12709	
	1.20731	0.12588	
	1.23544	0.12469	
	1.26421	0.1235	
	1.29366	0.12232	
	1.32379	0.12115	
	1.35463	0.11999	
	1.38618	0.11883	
	1.41847	0.11769	
	1.45151	0.11655	
	1.48532	0.11542	
	1.51992	0.1143	
	1.55532	0.11319	
	1.59155	0.11209	
	1.62862	0.111	
	1.66656	0.10991	
	1.70538	0.10884	
	1.7451	0.10777	
	1.78575	0.10671	
	1.82734	0.10566	
	1.86991	0.10462	
	1.91346	0.10359	
	1.95803	0.10256	
	2.00364	0.10155	
	2.05031	0.10054	
	2.09807	0.09954	
	2.14694	0.09856	
	2.19695	0.09758	
	2.24812	0.0966	
	2.30049	0.09564	
	2.35407	0.09469	
	2.40891	0.09374	
	2.46502	0.0928	
	2.52244	0.09187	
	2.58119	0.09095	
	2.64131	0.09004	
	2.70284	0.08914	
	2.7658	0.08824	
	2.83022	0.08736	
	2.89614	0.08648	
	2.9636	0.08561	
	3.03263	0.08475	
	3.10327	0.08389	
	3.17556	0.08305	
	3.24953	0.08221	
	3.32522	0.08138	
	3.40267	0.08056	
	3.48193	0.07975	
	3.56304	0.07894	
	3.64603	0.07815	
	3.73096	0.07736	
	3.81786	0.07657	
	3.90679	0.0758	
	3.99779	0.07503	
	4.09091	0.07428	
	4.1862	0.07353	
	4.28371	0.07278	
	4.38349	0.07205	
	4.4856	0.07132	
	4.59008	0.0706	
	4.697	0.06988	
	4.8064	0.06918	
	4.91836	0.06848	
	5.03292	0.06778	
	5.15015	0.0671	
	5.27012	0.06642	
	5.39287	0.06575	
	5.51849	0.06509	
	5.64703	0.06443	
	5.77857	0.06378	
	5.91317	0.06314	
	6.0509	0.0625	
	6.19185	0.06187	
	6.33607	0.06125	
	6.48366	0.06063	
	6.63468	0.06002	
	6.78922	0.05941	
	6.94737	0.05882	
	7.10919	0.05822	
	7.27478	0.05764	
	7.44424	0.05706	
	7.61763	0.05649	
	7.79507	0.05592	
	7.97664	0.05536	
	8.16244	0.05481	
	8.35257	0.05426	
	8.54713	0.05371	
	8.74621	0.05318	
	8.94994	0.05264	
	9.15841	0.05212	
	9.37174	0.0516	
	9.59003	0.05108	
	9.81341	0.05058	
	10.042	0.05007	
	10.27591	0.04957	
	10.51526	0.04908	
	10.76019	0.04859	
	11.01083	0.04811	
	11.26731	0.04763	
	11.52976	0.04716	
	11.79832	0.0467	
	12.07314	0.04623	
	12.35436	0.04578	
	12.64213	0.04533	
	12.9366	0.04488	
	13.23793	0.04444	
	13.54628	0.044	
	13.86182	0.04357	
	14.1847	0.04314	
	14.5151	0.04272	
	14.8532	0.0423	
	15.19918	0.04188	
	15.55321	0.04147	
	15.91549	0.04107	
	16.28621	0.04067	
	16.66557	0.04027	
	17.05376	0.03988	
	17.45099	0.03949	
	17.85748	0.03911	
	18.27343	0.03873	
	18.69908	0.03835	
	19.13463	0.03798	
	19.58034	0.03762	
	20.03642	0.03725	
	20.50313	0.03689	
	20.98071	0.03654	
	21.46941	0.03619	
	21.9695	0.03584	
	22.48123	0.03549	
	23.00489	0.03515	
	23.54074	0.03482	
	24.08908	0.03449	
	24.65018	0.03416	
	25.22436	0.03383	
	25.81191	0.03351	
	26.41315	0.03319	
	27.02839	0.03288	
	27.65796	0.03256	
	28.3022	0.03226	
	28.96144	0.03195	
	29.63604	0.03165	
	30.32635	0.03135	
	31.03274	0.03105	
	31.75559	0.03076	
	32.49527	0.03047	
	33.25218	0.03019	
	34.02672	0.02991	
	34.81931	0.02963	
	35.63035	0.02935	
	36.46029	0.02908	
	37.30956	0.02881	
	38.17861	0.02854	
	39.06791	0.02827	
	39.97791	0.02801	
	40.90912	0.02775	
	41.86202	0.0275	
	42.83711	0.02724	
	43.83491	0.02699	
	44.85596	0.02674	
	45.90079	0.0265	
	46.96995	0.02625	
	48.06402	0.02601	
	49.18358	0.02578	
	50.32921	0.02554	
	51.50153	0.02531	
	52.70115	0.02508	
	53.92872	0.02485	
	55.18488	0.02463	
	56.4703	0.0244	
	57.78567	0.02418	
	59.13167	0.02396	
	60.50902	0.02375	
	61.91846	0.02353	
	63.36072	0.02332	
	64.83658	0.02311	
	66.34682	0.02291	
	67.89224	0.0227	
	69.47365	0.0225	
	71.0919	0.0223	
	72.74784	0.0221	
	74.44236	0.0219	
	76.17635	0.02171	
	77.95072	0.02152	
	79.76643	0.02133	
	81.62442	0.02114	
	83.5257	0.02095	
	85.47126	0.02077	
	87.46215	0.02059	
	89.4994	0.02041	
	91.58411	0.02023	
	93.71738	0.02005	
	95.90034	0.01988	
	98.13414	0.0197	
	100.41998	0.01953	
	102.75906	0.01936	
	105.15263	0.01919	
	107.60195	0.01903	
	110.10832	0.01886	
	112.67307	0.0187	
	115.29756	0.01854	
	117.98319	0.01838	
	120.73137	0.01822	
	123.54357	0.01807	
	126.42127	0.01791	
	129.366	0.01776	
	132.37932	0.01761	
	135.46283	0.01746	
	138.61816	0.01731	
	141.84699	0.01716	
	145.15103	0.01702	
	148.53203	0.01688	
	151.99179	0.01673	
	155.53214	0.01659	
	159.15494	0.01645	
	162.86214	0.01631	
	166.65568	0.01618	
	170.53759	0.01604	
	174.50993	0.01591	
	178.57478	0.01578	
	182.73432	0.01564	
	186.99075	0.01551	
	191.34633	0.01539	
	195.80336	0.01526	
	200.3642	0.01513	
	205.03128	0.01501	
	209.80708	0.01488	
	214.69411	0.01476	
	219.69498	0.01464	
	224.81233	0.01452	
	230.04888	0.0144	
	235.40741	0.01428	
	240.89075	0.01417	
	246.50182	0.01405	
	252.24359	0.01394	
	258.11909	0.01383	
	264.13146	0.01371	
	270.28387	0.0136	
	276.57959	0.01349	
	283.02196	0.01338	
	289.61439	0.01328	
	296.36037	0.01317	
	303.26349	0.01306	
	310.32741	0.01296	
	317.55586	0.01286	
	324.95269	0.01275	
	332.52181	0.01265	
	340.26724	0.01255	
	348.19308	0.01245	
	356.30354	0.01235	
	364.60291	0.01226	
	373.0956	0.01216	
	381.78612	0.01206	
	390.67906	0.01197	
	399.77914	0.01187	
	409.0912	0.01178	
	418.62015	0.01169	
	428.37107	0.0116	
	438.34911	0.01151	
	448.55958	0.01142	
	459.00787	0.01133	
	469.69954	0.01124	
	480.64024	0.01115	
	491.83579	0.01107	
	503.29212	0.01098	
	515.0153	0.0109	
	527.01155	0.01081	
	539.28722	0.01073	
	551.84884	0.01065	
	564.70305	0.01057	
	577.85667	0.01048	
	591.31668	0.0104	
	605.09022	0.01033	
	619.18458	0.01025	
	633.60724	0.01017	
	648.36585	0.01009	
	663.46823	0.01001	
	678.92239	0.00994	
	694.73653	0.00986	
	710.91902	0.00979	
	727.47845	0.00972	
	744.4236	0.00964	
	761.76345	0.00957	
	779.5072	0.0095	
	797.66426	0.00943	
	816.24424	0.00936	
	835.25701	0.00929	
	854.71265	0.00922	
	874.62146	0.00915	
	894.99402	0.00908	
	915.8411	0.00901	
	937.17379	0.00895	
	959.00337	0.00888	
	981.34142	0.00882	
	1004.1998	0.00875	
	1027.59062	0.00869	
	1051.52628	0.00862	
	1076.01947	0.00856	
	1101.08319	0.0085	
	1126.73071	0.00843	
	1152.97564	0.00837	
	1179.83189	0.00831	
	1207.31371	0.00825	
	1235.43566	0.00819	
	1264.21265	0.00813	
	1293.65995	0.00807	
	1323.79316	0.00801	
	1354.62827	0.00796	
	1386.18161	0.0079	
	1418.46993	0.00784	
	1451.51033	0.00779	
	1485.32034	0.00773	
	1519.9179	0.00767	
	1555.32135	0.00762	
	1591.54943	0.00756	
	1628.62138	0.00751	
	1666.55684	0.00746	
	1705.37594	0.0074	
	1745.09925	0.00735	
	1785.74783	0.0073	
	1827.34324	0.00725	
	1869.90754	0.0072	
	1913.46328	0.00714	
	1958.03356	0.00709	
	2003.64202	0.00704	
	2050.31284	0.00699	
	2098.07076	0.00694	
	2146.94111	0.0069	
	2196.94979	0.00685	
	2248.12333	0.0068	
	2300.48884	0.00675	
	2354.07411	0.0067	
	2408.90754	0.00666	
	2465.01821	0.00661	
	2522.43586	0.00656	
	2581.19094	0.00652	
	2641.3146	0.00647	
	2702.83872	0.00643	
	2765.79592	0.00638	
	2830.21958	0.00634	
	2896.14387	0.0063	
	2963.60372	0.00625	
	3032.63492	0.00621	
	3103.27406	0.00617	
	3175.5586	0.00612	
	3249.52687	0.00608	
	3325.21807	0.00604	
	3402.67235	0.006	
	3481.93076	0.00596	
	3563.03536	0.00592	
	3646.02911	0.00588	
	3730.95604	0.00584	
	3817.86117	0.0058	
	3906.79058	0.00576	
	3997.79142	0.00572	
	4090.91195	0.00568	
	4186.20153	0.00564	
	4283.71069	0.0056	
	4383.49112	0.00557	
	4485.59575	0.00553	
	4590.0787	0.00549	
	4696.99537	0.00545	
	4806.40245	0.00542	
	4918.35794	0.00538	
	5032.92121	0.00534	
	5150.15301	0.00531	
	5270.11548	0.00527	
	5392.87223	0.00524	
	5518.48838	0.0052	
	5647.03048	0.00517	
	5778.56672	0.00513	
	5913.16683	0.0051	
	6050.90218	0.00506	
	6191.8458	0.00503	
	6336.07241	0.005	
	6483.65848	0.00496	
	6634.6823	0.00493	
	6789.22389	0.0049	
	6947.36525	0.00487	
	7109.19016	0.00483	
	7274.78449	0.0048	
	7444.23598	0.00477	
	7617.63451	0.00474	
	7795.07203	0.00471	
	7976.64258	0.00468	
	8162.44244	0.00465	
	8352.57014	0.00462	
	8547.12648	0.00459	
	8746.21464	0.00456	
	8949.94016	0.00453	
	9158.41104	0.0045	
	9371.73786	0.00447	
	9590.03365	0.00444	
	9813.41423	0.00441	
	10041.998	0.00438	
	10275.9062	0.00435	
	10515.2628	0.00432	
	10760.1947	0.00429	
	11010.8319	0.00427	
	11267.3071	0.00424	
	11529.7564	0.00421	
	11798.3189	0.00418	
	12073.1371	0.00416	
	12354.3566	0.00413	
	12642.1265	0.0041	
	12936.5995	0.00408	
	13237.9316	0.00405	
	13546.2827	0.00402	
	13861.8161	0.004	
	14184.6993	0.00397	
	14515.1033	0.00395	
	14853.2034	0.00392	
	15199.179	0.0039	
	15553.2135	0.00387	
	15915.4943	0.00385	
	16286.2138	0.00382	
	16665.5684	0.0038	
	17053.7594	0.00377	
	17450.9925	0.00375	
	17857.4783	0.00373	
	18273.4324	0.0037	
	18699.0754	0.00368	
	19134.6328	0.00366	
	19580.3356	0.00363	
	20036.4202	0.00361	
	20503.1284	0.00359	
	20980.7076	0.00356	
	21469.4111	0.00354	
	21969.4979	0.00352	
	22481.2333	0.0035	
	23004.8884	0.00347	
	23540.7411	0.00345	
	24089.0754	0.00343	
	24650.1821	0.00341	
	25224.3586	0.00339	
	25811.9094	0.00337	
	26413.146	0.00334	
	27028.3872	0.00332	
	27657.9592	0.0033	
	28302.1958	0.00328	
	28961.4387	0.00326	
	29636.0372	0.00324	
	30326.3492	0.00322	
	31032.7406	0.0032	
	31755.586	0.00318	
	32495.2687	0.00316	
	33252.1807	0.00314	
	34026.7235	0.00312	
	34819.3076	0.0031	
	35630.3536	0.00308	
	36460.2911	0.00306	
	37309.5604	0.00304	
	38178.6117	0.00303	
	39067.9058	0.00301	
	39977.9142	0.00299	
	40909.1195	0.00297	
	41862.0153	0.00295	
	42837.1069	0.00293	
	43834.9112	0.00291	
	44855.9575	0.0029	
	45900.787	0.00288	
	46969.9537	0.00286	
	48064.0245	0.00284	
	49183.5794	0.00283	
	50329.2121	0.00281	
	51501.5301	0.00279	
	52701.1548	0.00277	
	53928.7223	0.00276	
	55184.8838	0.00274	
	56470.3048	0.00272	
	57785.6672	0.00271	
	59131.6683	0.00269	
	60509.0218	0.00267	
	61918.458	0.00266	
	63360.7241	0.00264	
	64836.5848	0.00262	
	66346.823	0.00261	
	67892.2389	0.00259	
	69473.6525	0.00258	
	71091.9016	0.00256	
	72747.8449	0.00254	
	74442.3598	0.00253	
	76176.3451	0.00251	
	77950.7203	0.0025	
	79766.4258	0.00248	
	81624.4244	0.00247	
	83525.7014	0.00245	
	85471.2648	0.00244	
	87462.1464	0.00242	
	89499.4016	0.00241	
	91584.1104	0.00239	
	93717.3786	0.00238	
	95900.3365	0.00236	
	98134.1423	0.00235	
	100419.98	0.00233	
	102759.062	0.00232	
	105152.628	0.00231	
	107601.947	0.00229	
	110108.319	0.00228	
	112673.071	0.00226	
	115297.564	0.00225	
	117983.189	0.00224	
	120731.371	0.00222	
	123543.566	0.00221	
	126421.265	0.0022	
	129365.995	0.00218	
	132379.316	0.00217	
	135462.827	0.00216	
	138618.161	0.00214	
	141846.993	0.00213	
	145151.033	0.00212	
	148532.034	0.00211	
	151991.79	0.00209	
	155532.135	0.00208	
	159154.943	0.00207	
	162862.138	0.00206	
	166655.684	0.00204	
	170537.594	0.00203	
	174509.925	0.00202	
	178574.783	0.00201	
	182734.324	0.00199	
	186990.754	0.00198	
	191346.328	0.00197	
	195803.356	0.00196	
	200364.202	0.00195	
	205031.284	0.00194	
	209807.076	0.00192	
	214694.111	0.00191	
	219694.979	0.0019	
	224812.333	0.00189	
	230048.884	0.00188	
	235407.411	0.00187	
	240890.754	0.00186	
	246501.821	0.00184	
	252243.586	0.00183	
	258119.094	0.00182	
	264131.46	0.00181	
	270283.872	0.0018	
	276579.592	0.00179	
	283021.958	0.00178	
	289614.387	0.00177	
	296360.372	0.00176	
	303263.492	0.00175	
	310327.406	0.00174	
	317555.86	0.00173	
	324952.687	0.00172	
	332521.807	0.00171	
	340267.235	0.0017	
	348193.076	0.00169	
	356303.536	0.00168	
	364602.911	0.00167	
	373095.604	0.00166	
	381786.117	0.00165	
	390679.058	0.00164	
	399779.142	0.00163	
	409091.195	0.00162	
	418620.153	0.00161	
	428371.069	0.0016	
	438349.112	0.00159	
	448559.575	0.00158	
	459007.87	0.00157	
	469699.537	0.00156	
	480640.245	0.00155	
	491835.794	0.00154	
	503292.121	0.00153	
	515015.301	0.00152	
	527011.548	0.00151	
	539287.223	0.00151	
	551848.838	0.0015	
	564703.048	0.00149	
	577856.672	0.00148	
	591316.683	0.00147	
	605090.218	0.00146	
	619184.58	0.00145	
	633607.241	0.00144	
	648365.848	0.00144	
	663468.23	0.00143	
	678922.389	0.00142	
	694736.525	0.00141	
	710919.016	0.0014	
	727478.449	0.00139	
	744423.598	0.00139	
	761763.451	0.00138	
	779507.203	0.00137	
	797664.258	0.00136	
	816244.244	0.00135	
	835257.014	0.00135	
	854712.648	0.00134	
	874621.464	0.00133	
	894994.016	0.00132	
	915841.104	0.00131	
	937173.786	0.00131	
	959003.365	0.0013	
	981341.423	0.00129	
	1.0042E6	0.00128	
	1.02759E6	0.00128	
	1.05153E6	0.00127	
	1.07602E6	0.00126	
	1.10108E6	0.00125	
	1.12673E6	0.00125	
	1.15298E6	0.00124	
	1.17983E6	0.00123	
	1.20731E6	0.00122	
	1.23544E6	0.00122	
	1.26421E6	0.00121	
	1.29366E6	0.0012	
	1.32379E6	0.0012	
	1.35463E6	0.00119	
	1.38618E6	0.00118	
	1.41847E6	0.00117	
	1.45151E6	0.00117	
	1.48532E6	0.00116	
	1.51992E6	0.00115	
	1.55532E6	0.00115	
	1.59155E6	0.00114	
	1.62862E6	0.00113	
	1.66656E6	0.00113	
	1.70538E6	0.00112	
	1.7451E6	0.00111	
	1.78575E6	0.00111	
	1.82734E6	0.0011	
	1.86991E6	0.00109	
	1.91346E6	0.00109	
	1.95803E6	0.00108	
	2.00364E6	0.00108	
	2.05031E6	0.00107	
	2.09807E6	0.00106	
	2.14694E6	0.00106	
	2.19695E6	0.00105	
	2.24812E6	0.00104	
	2.30049E6	0.00104	
	2.35407E6	0.00103	
	2.40891E6	0.00103	
	2.46502E6	0.00102	
	2.52244E6	0.00101	
	2.58119E6	0.00101	
	2.64131E6	0.001	
	2.70284E6	9.96483E-4	
	2.7658E6	9.9067E-4	
	2.83022E6	9.8488E-4	
	2.89614E6	9.79134E-4	
	2.9636E6	9.7342E-4	
	3.03263E6	9.67738E-4	
	3.10327E6	9.62091E-4	
	3.17556E6	9.56478E-4	
	3.24953E6	9.50899E-4	
	3.32522E6	9.45355E-4	
	3.40267E6	9.39838E-4	
	3.48193E6	9.34359E-4	
	3.56304E6	9.28913E-4	
	3.64603E6	9.23497E-4	
	3.73096E6	9.18118E-4	
	3.81786E6	9.12768E-4	
	3.90679E6	9.07447E-4	
	3.99779E6	9.0216E-4	
	4.09091E6	8.96904E-4	
	4.1862E6	8.9168E-4	
	4.28371E6	8.86485E-4	
	4.38349E6	8.81326E-4	
	4.4856E6	8.76192E-4	
	4.59008E6	8.71093E-4	
	4.697E6	8.66023E-4	
	4.8064E6	8.60981E-4	
	4.91836E6	8.55965E-4	
	5.03292E6	8.50991E-4	
	5.15015E6	8.4604E-4	
	5.27012E6	8.41113E-4	
	5.39287E6	8.36225E-4	
	5.51849E6	8.3136E-4	
	5.64703E6	8.26526E-4	
	5.77857E6	8.21716E-4	
	5.91317E6	8.16942E-4	
	6.0509E6	8.1219E-4	
	6.19185E6	8.07471E-4	
	6.33607E6	8.02776E-4	
	6.48366E6	7.98111E-4	
	6.63468E6	7.93474E-4	
	6.78922E6	7.88864E-4	
	6.94737E6	7.84279E-4	
	7.10919E6	7.79724E-4	
	7.27478E6	7.75194E-4	
	7.44424E6	7.70691E-4	
	7.61763E6	7.66218E-4	
	7.79507E6	7.61767E-4	
	7.97664E6	7.57344E-4	
	8.16244E6	7.5295E-4	
	8.35257E6	7.48575E-4	
	8.54713E6	7.44231E-4	
	8.74621E6	7.39914E-4	
	8.94994E6	7.35618E-4	
	9.15841E6	7.31349E-4	
	9.37174E6	7.27105E-4	
	9.59003E6	7.22888E-4	
	9.81341E6	7.18693E-4	
	1.0042E7	7.14525E-4	
	1.02759E7	7.1038E-4	
	1.05153E7	7.06262E-4	
	1.07602E7	7.02167E-4	
	1.10108E7	6.9809E-4	
	1.12673E7	6.94044E-4	
	1.15298E7	6.90023E-4	
	1.17983E7	6.86019E-4	
	1.20731E7	6.82044E-4	
	1.23544E7	6.78093E-4	
	1.26421E7	6.74161E-4	
	1.29366E7	6.70255E-4	
	1.32379E7	6.6637E-4	
	1.35463E7	6.62509E-4	
	1.38618E7	6.58671E-4	
	1.41847E7	6.54855E-4	
	1.45151E7	6.51062E-4	
	1.48532E7	6.4729E-4	
	1.51992E7	6.43542E-4	
	1.55532E7	6.39816E-4	
	1.59155E7	6.36108E-4	
	1.62862E7	6.32426E-4	
	1.66656E7	6.28763E-4	
	1.70538E7	6.25123E-4	
	1.7451E7	6.21508E-4	
	1.78575E7	6.1791E-4	
	1.82734E7	6.1433E-4	
	1.86991E7	6.10776E-4	
	1.91346E7	6.0724E-4	
	1.95803E7	6.03729E-4	
	2.00364E7	6.00231E-4	
	2.05031E7	5.9676E-4	
	2.09807E7	5.93307E-4	
	2.14694E7	5.89872E-4	
	2.19695E7	5.86463E-4	
	2.24812E7	5.83069E-4	
	2.30049E7	5.79699E-4	
	2.35407E7	5.76342E-4	
	2.40891E7	5.73011E-4	
	2.46502E7	5.69693E-4	
	2.52244E7	5.66405E-4	
	2.58119E7	5.63125E-4	
	2.64131E7	5.59874E-4	
	2.70284E7	5.56632E-4	
	2.7658E7	5.53417E-4	
	2.83022E7	5.50218E-4	
	2.89614E7	5.47034E-4	
	2.9636E7	5.43873E-4	
	3.03263E7	5.40732E-4	
	3.10327E7	5.37606E-4	
	3.17556E7	5.34498E-4	
	3.24953E7	5.3141E-4	
	3.32522E7	5.28339E-4	
	3.40267E7	5.25286E-4	
	3.48193E7	5.22252E-4	
	3.56304E7	5.19236E-4	
	3.64603E7	5.16234E-4	
	3.73096E7	5.13253E-4	
	3.81786E7	5.10288E-4	
	3.90679E7	5.07341E-4	
	3.99779E7	5.04409E-4	
	4.09091E7	5.01496E-4	
	4.1862E7	4.98601E-4	
	4.28371E7	4.95722E-4	
	4.38349E7	4.92858E-4	
	4.4856E7	4.90012E-4	
	4.59008E7	4.87184E-4	
	4.697E7	4.84371E-4	
	4.8064E7	4.81575E-4	
	4.91836E7	4.78794E-4	
	5.03292E7	4.76028E-4	
	5.15015E7	4.73282E-4	
	5.27012E7	4.70551E-4	
	5.39287E7	4.67833E-4	
	5.51849E7	4.65134E-4	
	5.64703E7	4.6245E-4	
	5.77857E7	4.5978E-4	
	5.91317E7	4.57128E-4	
	6.0509E7	4.5449E-4	
	6.19185E7	4.51867E-4	
	6.33607E7	4.49257E-4	
	6.48366E7	4.46669E-4	
	6.63468E7	4.4409E-4	
	6.78922E7	4.41529E-4	
	6.94737E7	4.38979E-4	
	7.10919E7	4.36451E-4	
	7.27478E7	4.3393E-4	
	7.44424E7	4.3143E-4	
	7.61763E7	4.2894E-4	
	7.79507E7	4.26464E-4	
	7.97664E7	4.24005E-4	
	8.16244E7	4.2156E-4	
	8.35257E7	4.19128E-4	
	8.54713E7	4.16713E-4	
	8.74621E7	4.1431E-4	
	8.94994E7	4.11918E-4	
	9.15841E7	4.09545E-4	
	9.37174E7	4.07183E-4	
	9.59003E7	4.04836E-4	
	9.81341E7	4.02503E-4	
	1.0042E8	4.00181E-4	
	1.02759E8	3.97873E-4	
	1.05153E8	3.95579E-4	
	1.07602E8	3.93302E-4	
	1.10108E8	3.91033E-4	
	1.12673E8	3.88777E-4	
	1.15298E8	3.86536E-4	
	1.17983E8	3.84311E-4	
	1.20731E8	3.82095E-4	
	1.23544E8	3.79895E-4	
	1.26421E8	3.77702E-4	
	1.29366E8	3.75528E-4	
	1.32379E8	3.73362E-4	
	1.35463E8	3.71213E-4	
	1.38618E8	3.69072E-4	
	1.41847E8	3.66945E-4	
	1.45151E8	3.6483E-4	
	1.48532E8	3.6273E-4	
	1.51992E8	3.6064E-4	
	1.55532E8	3.58562E-4	
	1.59155E8	3.56497E-4	
	1.62862E8	3.5444E-4	
	1.66656E8	3.52401E-4	
	1.70538E8	3.50371E-4	
	1.7451E8	3.4835E-4	
	1.78575E8	3.46345E-4	
	1.82734E8	3.4435E-4	
	1.86991E8	3.42368E-4	
	1.91346E8	3.40395E-4	
	1.95803E8	3.38434E-4	
	2.00364E8	3.36484E-4	
	2.05031E8	3.34547E-4	
	2.09807E8	3.3262E-4	
	2.14694E8	3.30704E-4	
	2.19695E8	3.288E-4	
	2.24812E8	3.26908E-4	
	2.30049E8	3.25022E-4	
	2.35407E8	3.23152E-4	
	2.40891E8	3.21292E-4	
	2.46502E8	3.19443E-4	
	2.52244E8	3.176E-4	
	2.58119E8	3.15775E-4	
	2.64131E8	3.13954E-4	
	2.70284E8	3.12148E-4	
	2.7658E8	3.10351E-4	
	2.83022E8	3.08567E-4	
	2.89614E8	3.06787E-4	
	2.9636E8	3.05022E-4	
	3.03263E8	3.03263E-4	
	3.10327E8	3.01519E-4	
	3.17556E8	2.99784E-4	
	3.24953E8	2.98061E-4	
	3.32522E8	2.96339E-4	
	3.40267E8	2.94638E-4	
	3.48193E8	2.9294E-4	
	3.56304E8	2.91254E-4	
	3.64603E8	2.89579E-4	
	3.73096E8	2.87912E-4	
	3.81786E8	2.86256E-4	
	3.90679E8	2.84607E-4	
	3.99779E8	2.82967E-4	
	4.09091E8	2.81341E-4	
	4.1862E8	2.79722E-4	
	4.28371E8	2.78111E-4	
	4.38349E8	2.76511E-4	
	4.4856E8	2.74918E-4	
	4.59008E8	2.73337E-4	
	4.697E8	2.71763E-4	
	4.8064E8	2.70204E-4	
	4.91836E8	2.68647E-4	
	5.03292E8	2.671E-4	
	5.15015E8	2.65564E-4	
	5.27012E8	2.64034E-4	
	5.39287E8	2.62514E-4	
	5.51849E8	2.61007E-4	
	5.64703E8	2.59505E-4	
	5.77857E8	2.5801E-4	
	5.91317E8	2.56527E-4	
	6.0509E8	2.55049E-4	
	6.19185E8	2.53584E-4	
	6.33607E8	2.52124E-4	
	6.48366E8	2.50673E-4	
	6.63468E8	2.49233E-4	
	6.78922E8	2.47796E-4	
	6.94737E8	2.4637E-4	
	7.10919E8	2.44955E-4	
	7.27478E8	2.43547E-4	
	7.44424E8	2.42145E-4	
	7.61763E8	2.40751E-4	
	7.79507E8	2.39367E-4	
	7.97664E8	2.37988E-4	
	8.16244E8	2.36621E-4	
	8.35257E8	2.35259E-4	
	8.54713E8	2.33906E-4	
	8.74621E8	2.3256E-4	
	8.94994E8	2.31224E-4	
	9.15841E8	2.29895E-4	
	9.37174E8	2.28569E-4	
	9.59003E8	2.27255E-4	
	9.81341E8	2.25946E-4	
	1.0042E9	2.24651E-4	
	1.02759E9	2.23357E-4	
	1.05153E9	2.22071E-4	
	1.07602E9	2.20795E-4	
	1.10108E9	2.19526E-4	
	1.12673E9	2.18262E-4	
	1.15298E9	2.17004E-4	
	1.17983E9	2.15761E-4	
	1.20731E9	2.14517E-4	
	1.23544E9	2.13285E-4	
	1.26421E9	2.12056E-4	
	1.29366E9	2.10838E-4	
	1.32379E9	2.09626E-4	
	1.35463E9	2.08417E-4	
	1.38618E9	2.07218E-4	
	1.41847E9	2.06029E-4	
	1.45151E9	2.04844E-4	
	1.48532E9	2.03665E-4	
	1.51992E9	2.02494E-4	
	1.55532E9	2.01329E-4	
	1.59155E9	2.00173E-4	
	1.62862E9	1.99018E-4	
	1.66656E9	1.97875E-4	
	1.70538E9	1.96736E-4	
	1.7451E9	1.95608E-4	
	1.78575E9	1.94479E-4	
	1.82734E9	1.93362E-4	
	1.86991E9	1.92249E-4	
	1.91346E9	1.91146E-4	
	1.95803E9	1.90043E-4	
	2.00364E9	1.88952E-4	
	2.05031E9	1.87865E-4	
	2.09807E9	1.86783E-4	
	2.14694E9	1.85712E-4	
	2.19695E9	1.84642E-4	
	2.24812E9	1.83577E-4	
	2.30049E9	1.82522E-4	
	2.35407E9	1.81475E-4	
	2.40891E9	1.8043E-4	
	2.46502E9	1.7939E-4	
	2.52244E9	1.78361E-4	
	2.58119E9	1.77333E-4	
	2.64131E9	1.76313E-4	
	2.70284E9	1.75299E-4	
	2.7658E9	1.74292E-4	
	2.83022E9	1.73287E-4	
	2.89614E9	1.72292E-4	
	2.9636E9	1.71301E-4	
	3.03263E9	1.70314E-4	
	3.10327E9	1.69334E-4	
	3.17556E9	1.68361E-4	
	3.24953E9	1.67393E-4	
	3.32522E9	1.66428E-4	
	3.40267E9	1.65471E-4	
	3.48193E9	1.64521E-4	
	3.56304E9	1.63572E-4	
	3.64603E9	1.6263E-4	
	3.73096E9	1.61695E-4	
	3.81786E9	1.60764E-4	
	3.90679E9	1.59843E-4	
	3.99779E9	1.5892E-4	
	4.09091E9	1.58004E-4	
	4.1862E9	1.57094E-4	
	4.28371E9	1.56189E-4	
	4.38349E9	1.5529E-4	
	4.4856E9	1.54401E-4	
	4.59008E9	1.5351E-4	
	4.697E9	1.52623E-4	
	4.8064E9	1.51749E-4	
	4.91836E9	1.50873E-4	
	5.03292E9	1.50004E-4	
	5.15015E9	1.49141E-4	
	5.27012E9	1.48284E-4	
	5.39287E9	1.47424E-4	
	5.51849E9	1.46579E-4	
	5.64703E9	1.45735E-4	
	5.77857E9	1.44897E-4	
	5.91317E9	1.4406E-4	
	6.0509E9	1.43233E-4	
	6.19185E9	1.42407E-4	
	6.33607E9	1.41585E-4	
	6.48366E9	1.40769E-4	
	6.63468E9	1.39958E-4	
	6.78922E9	1.39151E-4	
	6.94737E9	1.38349E-4	
	7.10919E9	1.37553E-4	
	7.27478E9	1.36759E-4	
	7.44424E9	1.35971E-4	
	7.61763E9	1.35188E-4	
	7.79507E9	1.34409E-4	
	7.97664E9	1.33632E-4	
	8.16244E9	1.32862E-4	
	8.35257E9	1.32096E-4	
	8.54713E9	1.31334E-4	
	8.74621E9	1.30577E-4	
	8.94994E9	1.29821E-4	
	9.15841E9	1.29073E-4	
	9.37174E9	1.28328E-4	
	9.59003E9	1.27591E-4	
	9.81341E9	1.2685E-4	
	1.0042E10	1.26121E-4	
	1.02759E10	1.25391E-4	
	1.05153E10	1.24668E-4	
	1.07602E10	1.23945E-4	
	1.10108E10	1.23232E-4	
	1.12673E10	1.22519E-4	
	1.15298E10	1.21813E-4	
	1.17983E10	1.21104E-4	
	1.20731E10	1.20408E-4	
	1.23544E10	1.19712E-4	
	1.26421E10	1.19019E-4	
	1.29366E10	1.1833E-4	
	1.32379E10	1.17647E-4	
	1.35463E10	1.16965E-4	
	1.38618E10	1.16288E-4	
	1.41847E10	1.15615E-4	
	1.45151E10	1.14946E-4	
	1.48532E10	1.14281E-4	
	1.51992E10	1.13619E-4	
	1.55532E10	1.1296E-4	
	1.59155E10	1.12305E-4	
	1.62862E10	1.11655E-4	
	1.66656E10	1.11007E-4	
	1.70538E10	1.10361E-4	
	1.7451E10	1.09724E-4	
	1.78575E10	1.09087E-4	
	1.82734E10	1.08453E-4	
	1.86991E10	1.07824E-4	
	1.91346E10	1.07197E-4	
	1.95803E10	1.06572E-4	
	2.00364E10	1.05954E-4	
	2.05031E10	1.05338E-4	
	2.09807E10	1.04726E-4	
	2.14694E10	1.04119E-4	
	2.19695E10	1.03511E-4	
	2.24812E10	1.02909E-4	
	2.30049E10	1.02309E-4	
	2.35407E10	1.01713E-4	
	2.40891E10	1.01117E-4	
	2.46502E10	1.0053E-4	
	2.52244E10	9.99439E-5	
	2.58119E10	9.93606E-5	
	2.64131E10	9.87806E-5	
	2.70284E10	9.82047E-5	
	2.7658E10	9.76277E-5	
	2.83022E10	9.70572E-5	
	2.89614E10	9.64884E-5	
	2.9636E10	9.59257E-5	
	3.03263E10	9.53606E-5	
	3.10327E10	9.48034E-5	
	3.17556E10	9.42468E-5	
	3.24953E10	9.36942E-5	
	3.32522E10	9.31446E-5	
	3.40267E10	9.25963E-5	
	3.48193E10	9.20506E-5	
	3.56304E10	9.1513E-5	
	3.64603E10	9.09699E-5	
	3.73096E10	9.04381E-5	
	3.81786E10	8.99033E-5	
	3.90679E10	8.93725E-5	
	3.99779E10	8.88431E-5	
	4.09091E10	8.83183E-5	
	4.1862E10	8.77957E-5	
	4.28371E10	8.72798E-5	
	4.38349E10	8.67602E-5	
	4.4856E10	8.62445E-5	
	4.59008E10	8.57344E-5	
	4.69699E10	8.52214E-5	
	4.8064E10	8.47178E-5	
	4.91836E10	8.42124E-5	
	5.03292E10	8.37091E-5	
	5.15015E10	8.32115E-5	
	5.27011E10	8.27146E-5	
	5.39287E10	8.2218E-5	
	5.51849E10	8.17252E-5	
	5.64703E10	8.12393E-5	
	5.77857E10	8.07466E-5	
	5.91317E10	8.02646E-5	
	6.0509E10	7.97802E-5	
	6.19185E10	7.93003E-5	
	6.33607E10	7.88202E-5	
	6.48366E10	7.83465E-5	
	6.63468E10	7.78688E-5	
	6.78922E10	7.74011E-5	
	6.94736E10	7.69291E-5	
	7.10919E10	7.64624E-5	
	7.27478E10	7.59968E-5	
	7.44424E10	7.55312E-5	
	7.61763E10	7.50693E-5	
	7.79507E10	7.46114E-5	
	7.97664E10	7.41529E-5	
	8.16244E10	7.36981E-5	
	8.35257E10	7.32446E-5	
	8.54713E10	7.27932E-5	
	8.74621E10	7.23416E-5	
	8.94994E10	7.18957E-5	
	9.15841E10	7.1449E-5	
	9.37174E10	7.10016E-5	
	9.59003E10	7.05629E-5	
	9.81341E10	7.012E-5	
