SIMFIT 1
1   240028243
2   233180557
3   226248308
4   219800619
5   213481884
6   207172429
7   200973861
8   194567841
9   188818777
10   183145937
11   177279150
12   171576934
13   166355497
14   160885576
15   155855389
16   151359501
17   146332423
18   141948282
19   137160991
20   133082985
21   128636923
22   124675124
23   120893630
24   117153675
25   113296432
26   110250646
27   106758923
28   103401050
29   100359033
30   97169405
31   94455254
32   91507481
33   89155758
34   86372350
35   83946091
36   81414715
37   79295825
38   76866519
39   74653000
40   72585350
41   70673678
42   68731306
43   66846880
44   64774672
45   62856580
46   61210726
47   59536080
48   57973602
49   56425698
50   54749219
51   53462510
